{
    "animation": [
        {
            "name": "Root",
            "time": [0.0, 0.1667, 0.3333, 0.3833, 0.4333, 0.4833, 0.5833, 0.75, 0.8667, 1.0],
            "transform": [
                [0.994801, -0.004577, -0.10174, 0.006964, -0.10176, -0.004349, -0.994799, 0.024774, 0.00411, 0.99998, -0.004792, 0.751244, 0.0, 0.0, 0.0, 1.0],
                [0.968989, -0.217563, -0.117163, 0.003062, -0.042726, 0.319486, -0.946627, 0.034668, 0.243383, 0.922277, 0.300282, 0.658369, 0.0, 0.0, 0.0, 1.0],
                [0.991259, 0.093102, -0.093479, 0.022073, -0.098144, 0.046841, -0.994069, -0.029914, -0.088171, 0.994554, 0.055569, 0.549267, 0.0, 0.0, 0.0, 1.0],
                [0.965959, 0.234598, -0.10903, -0.000471, -0.091691, -0.083623, -0.99227, 0.055812, -0.241902, 0.968489, -0.059265, 1.580922, 0.0, 0.0, 0.0, 1.0],
                [0.965959, 0.234598, -0.10903, 0.011014, -0.091691, -0.083623, -0.99227, 0.065172, -0.241902, 0.968489, -0.059265, 2.210251, 0.0, 0.0, 0.0, 1.0],
                [0.965959, 0.234598, -0.10903, 0.035799, -0.091691, -0.083623, -0.99227, 0.033344, -0.241902, 0.968489, -0.059265, 2.639863, 0.0, 0.0, 0.0, 1.0],
                [0.98193, 0.157432, -0.105013, 0.017458, -0.109005, 0.016921, -0.993897, 0.036041, -0.154694, 0.987385, 0.033777, 2.531627, 0.0, 0.0, 0.0, 1.0],
                [0.992528, -0.011916, -0.12143, 0.006964, -0.115242, 0.235386, -0.965045, 0.024774, 0.040083, 0.971829, 0.232254, 0.751244, 0.0, 0.0, 0.0, 1.0],
                [0.992528, -0.011916, -0.12143, 0.004061, -0.115242, 0.235386, -0.965045, 0.003358, 0.040083, 0.971829, 0.232254, 0.596037, 0.0, 0.0, 0.0, 1.0],
                [0.994801, -0.004577, -0.10174, 0.006964, -0.10176, -0.004349, -0.994799, 0.024774, 0.00411, 0.99998, -0.004792, 0.751244, 0.0, 0.0, 0.0, 1.0]
            ]
        },
        {
            "name": "Thigh_R",
            "time": [0.0, 0.3333, 0.3833, 0.4333, 0.4833, 0.5833, 0.75, 1.0],
            "transform": [
                [0.998989, 0.028415, -0.03485, 0.124994, 0.033364, -0.987994, 0.150842, -0.002831, -0.030145, -0.151852, -0.987944, -1.2e-05, 0.0, 0.0, 0.0, 1.0],
                [0.976359, 0.212964, -0.036997, 0.124994, 0.16543, -0.626047, 0.762036, -0.002831, 0.139124, -0.75014, -0.646478, -1.2e-05, 0.0, 0.0, 0.0, 1.0],
                [0.936334, 0.328592, -0.123725, 0.124994, 0.34949, -0.838372, 0.418316, -0.002831, 0.033728, -0.434924, -0.899836, -1.2e-05, 0.0, 0.0, 0.0, 1.0],
                [0.950875, 0.273599, -0.144848, 0.124994, 0.309565, -0.83624, 0.452627, -0.002831, 0.002711, -0.475231, -0.879857, -1.2e-05, 0.0, 0.0, 0.0, 1.0],
                [0.955371, 0.295276, -0.008944, 0.124994, 0.267542, -0.852006, 0.450008, -0.002831, 0.125256, -0.432316, -0.89298, -1.2e-05, 0.0, 0.0, 0.0, 1.0],
                [0.979825, 0.199854, 0.000842, 0.124994, 0.19875, -0.974835, 0.100959, -0.002831, 0.020998, -0.098755, -0.99489, -1.2e-05, 0.0, 0.0, 0.0, 1.0],
                [0.996319, 0.005773, -0.085537, 0.124994, 0.037051, -0.928739, 0.368877, -0.002831, -0.077312, -0.370688, -0.925534, -1.2e-05, 0.0, 0.0, 0.0, 1.0],
                [0.998989, 0.028415, -0.03485, 0.124994, 0.033364, -0.987994, 0.150842, -0.002831, -0.030145, -0.151852, -0.987944, -1.2e-05, 0.0, 0.0, 0.0, 1.0]
            ]
        },
        {
            "name": "Leg_R",
            "time": [0.0, 0.3333, 0.3833, 0.4333, 0.4833, 0.5833, 0.75, 1.0],
            "transform": [
                [1.0, -0.0, 1e-06, 0.0, -0.0, 0.945594, 0.325362, 0.374726, -1e-06, -0.325365, 0.945583, 0.0, 0.0, 0.0, 0.0, 1.0],
                [1.0, -1e-06, 0.0, 0.0, -0.0, 0.018362, 0.999826, 0.374726, -1e-06, -0.999836, 0.018361, 0.0, 0.0, 0.0, 0.0, 1.0],
                [1.0, -1e-06, 1e-06, -0.0, -0.0, 0.580898, 0.813974, 0.374726, -1e-06, -0.813982, 0.580891, -0.0, 0.0, 0.0, 0.0, 1.0],
                [1.0, -1e-06, 1e-06, 0.0, -0.0, 0.579268, 0.815135, 0.374726, -1e-06, -0.815143, 0.579261, 0.0, 0.0, 0.0, 0.0, 1.0],
                [1.0, -1e-06, 1e-06, 0.0, -0.0, 0.648609, 0.761121, 0.374726, -1e-06, -0.761128, 0.648602, -0.0, 0.0, 0.0, 0.0, 1.0],
                [1.0, -0.0, 1e-06, 0.0, -0.0, 0.959541, 0.281585, 0.374726, -1e-06, -0.281587, 0.95953, 0.0, 0.0, 0.0, 0.0, 1.0],
                [1.000001, -1e-06, 1e-06, 0.0, -0.0, 0.660836, 0.750529, 0.374726, -1e-06, -0.750537, 0.660829, -0.0, 0.0, 0.0, 0.0, 1.0],
                [1.0, -0.0, 1e-06, 0.0, -0.0, 0.945594, 0.325362, 0.374726, -1e-06, -0.325365, 0.945583, 0.0, 0.0, 0.0, 0.0, 1.0]
            ]
        },
        {
            "name": "Knee_R",
            "time": [0.0, 1.0],
            "transform": [
                [1.0, 0.0, -0.0, -0.0, -0.0, 0.00567, -0.999984, 0.374726, -0.0, 0.999984, 0.00567, -0.0, 0.0, 0.0, 0.0, 1.0],
                [1.0, 0.0, -0.0, -0.0, -0.0, 0.00567, -0.999984, 0.374726, -0.0, 0.999984, 0.00567, -0.0, 0.0, 0.0, 0.0, 1.0]
            ]
        },
        {
            "name": "Thigh_L",
            "time": [0.0, 0.3333, 0.3833, 0.4333, 0.4833, 0.5833, 0.75, 1.0],
            "transform": [
                [0.996921, -0.07393, -0.026117, -0.125006, -0.067629, -0.979315, 0.190705, -0.002831, -0.039675, -0.188351, -0.981299, -1.2e-05, 0.0, 0.0, 0.0, 1.0],
                [0.981119, -0.192316, 0.020476, -0.125006, -0.145779, -0.665794, 0.731756, -0.002831, -0.127096, -0.720925, -0.681259, -1.2e-05, 0.0, 0.0, 0.0, 1.0],
                [0.95564, 0.091132, -0.280085, -0.125006, 0.12564, -0.986203, 0.107792, -0.002831, -0.266397, -0.1382, -0.953904, -1.2e-05, 0.0, 0.0, 0.0, 1.0],
                [0.94558, 0.10641, -0.307499, -0.125006, 0.117941, -0.992837, 0.019107, -0.002831, -0.303263, -0.054334, -0.951356, -1.2e-05, 0.0, 0.0, 0.0, 1.0],
                [0.965553, 0.051793, -0.254999, -0.125006, 0.102398, -0.97655, 0.189383, -0.002831, -0.239211, -0.208971, -0.948214, -1.2e-05, 0.0, 0.0, 0.0, 1.0],
                [0.977788, 0.047611, -0.204118, -0.125006, 0.08894, -0.976082, 0.198376, -0.002831, -0.189791, -0.212124, -0.958636, -1.2e-05, 0.0, 0.0, 0.0, 1.0],
                [0.990931, -0.126732, -0.044669, -0.125006, -0.051496, -0.665203, 0.744884, -0.002831, -0.124115, -0.735829, -0.665696, -1.2e-05, 0.0, 0.0, 0.0, 1.0],
                [0.996921, -0.07393, -0.026117, -0.125006, -0.067629, -0.979315, 0.190705, -0.002831, -0.039675, -0.188351, -0.981299, -1.2e-05, 0.0, 0.0, 0.0, 1.0]
            ]
        },
        {
            "name": "Leg_L",
            "time": [0.0, 0.3333, 0.3833, 0.4333, 0.4833, 0.5833, 0.75, 1.0],
            "transform": [
                [1.000001, -0.0, 1e-06, 0.0, -0.0, 0.948344, 0.317242, 0.374726, -1e-06, -0.317241, 0.948346, 0.0, 0.0, 0.0, 0.0, 1.0],
                [1.000001, -1e-06, 0.0, 0.0, -0.0, 0.18273, 0.983164, 0.374726, -1e-06, -0.983162, 0.18273, -0.0, 0.0, 0.0, 0.0, 1.0],
                [1.000001, -0.0, 1e-06, 0.0, -0.0, 0.760336, 0.649529, 0.374726, -1e-06, -0.649528, 0.760338, -0.0, 0.0, 0.0, 0.0, 1.0],
                [1.000001, -1e-06, 1e-06, -0.0, -0.0, 0.657021, 0.753872, 0.374726, -1e-06, -0.753871, 0.657022, -0.0, 0.0, 0.0, 0.0, 1.0],
                [1.000001, -1e-06, 1e-06, 0.0, -0.0, 0.607155, 0.794583, 0.374727, -1e-06, -0.794582, 0.607157, -0.0, 0.0, 0.0, 0.0, 1.0],
                [1.000001, -0.0, 1e-06, 0.0, -0.0, 0.943486, 0.331409, 0.374727, -1e-06, -0.331409, 0.943488, 0.0, 0.0, 0.0, 0.0, 1.0],
                [1.000001, -1e-06, 1e-06, 0.0, -0.0, 0.624736, 0.780836, 0.374726, -1e-06, -0.780835, 0.624738, 0.0, 0.0, 0.0, 0.0, 1.0],
                [1.000001, -0.0, 1e-06, 0.0, -0.0, 0.948344, 0.317242, 0.374726, -1e-06, -0.317241, 0.948346, 0.0, 0.0, 0.0, 0.0, 1.0]
            ]
        },
        {
            "name": "Knee_L",
            "time": [0.0, 1.0],
            "transform": [
                [1.0, 0.0, -0.0, 0.0, -0.0, 0.00567, -0.999984, 0.374726, -0.0, 0.999984, 0.00567, 0.0, 0.0, 0.0, 0.0, 1.0],
                [1.0, 0.0, -0.0, 0.0, -0.0, 0.00567, -0.999984, 0.374726, -0.0, 0.999984, 0.00567, 0.0, 0.0, 0.0, 0.0, 1.0]
            ]
        },
        {
            "name": "Torso",
            "time": [0.0, 0.3333, 0.3833, 0.4333, 0.4833, 0.5833, 0.75, 1.0],
            "transform": [
                [1.0, -0.0, 0.0, 0.0, -0.0, 1.0, -0.0, 0.05, 0.0, 0.0, 1.0, -0.0, 0.0, 0.0, 0.0, 1.0],
                [1.0, 0.0, 0.0, -0.0, 0.0, 1.000001, -0.0, 0.05, -0.0, 0.0, 1.0, -0.0, 0.0, 0.0, 0.0, 1.0],
                [1.0, -0.0, 0.0, -0.0, -0.0, 1.0, 0.0, 0.05, 0.0, 0.0, 1.0, -0.0, 0.0, 0.0, 0.0, 1.0],
                [1.0, -0.0, 0.0, -0.0, -0.0, 1.0, 0.0, 0.05, 0.0, 0.0, 1.0, -0.0, 0.0, 0.0, 0.0, 1.0],
                [1.0, -0.0, 0.0, -0.0, -0.0, 1.0, 0.0, 0.05, 0.0, 0.0, 1.0, 0.0, 0.0, 0.0, 0.0, 1.0],
                [1.0, -0.0, -0.0, 0.0, -0.0, 1.0, 0.0, 0.05, -0.0, 0.0, 1.0, 0.0, 0.0, 0.0, 0.0, 1.0],
                [1.0, -0.0, -0.0, -0.0, -0.0, 1.0, 0.0, 0.05, -0.0, 0.0, 1.0, -0.0, 0.0, 0.0, 0.0, 1.0],
                [1.0, -0.0, 0.0, 0.0, -0.0, 1.0, -0.0, 0.05, 0.0, 0.0, 1.0, -0.0, 0.0, 0.0, 0.0, 1.0]
            ]
        },
        {
            "name": "Chest",
            "time": [0.0, 0.3333, 0.3833, 0.4333, 0.4833, 0.5833, 0.75, 1.0],
            "transform": [
                [1.0, 0.0, -0.0, -0.0, 0.0, 1.0, -0.0, 0.3, 0.0, 0.0, 1.0, -0.0, 0.0, 0.0, 0.0, 1.0],
                [1.0, -0.0, -0.0, -0.0, -0.0, 1.0, 0.0, 0.3, 0.0, -0.0, 1.0, 0.0, 0.0, 0.0, 0.0, 1.0],
                [1.0, 0.0, -0.0, -0.0, 0.0, 1.0, 0.0, 0.3, -0.0, -0.0, 1.0, -0.0, 0.0, 0.0, 0.0, 1.0],
                [1.0, 0.0, -0.0, -0.0, 0.0, 1.0, 0.0, 0.3, -0.0, -0.0, 1.0, -0.0, 0.0, 0.0, 0.0, 1.0],
                [1.0, 0.0, -0.0, 0.0, 0.0, 1.0, 0.0, 0.3, -0.0, -0.0, 1.0, -0.0, 0.0, 0.0, 0.0, 1.0],
                [1.0, -0.0, 0.0, -0.0, -0.0, 1.0, 0.0, 0.3, -0.0, 0.0, 1.0, 0.0, 0.0, 0.0, 0.0, 1.0],
                [1.0, 0.0, -0.0, -0.0, -0.0, 1.0, -0.0, 0.3, -0.0, 0.0, 1.0, -0.0, 0.0, 0.0, 0.0, 1.0],
                [1.0, 0.0, -0.0, -0.0, 0.0, 1.0, -0.0, 0.3, 0.0, 0.0, 1.0, -0.0, 0.0, 0.0, 0.0, 1.0]
            ]
        },
        {
            "name": "Head",
            "time": [0.0, 0.3333, 0.3833, 0.4333, 0.4833, 0.5833, 0.75, 1.0],
            "transform": [
                [0.995745, -0.005637, 0.091978, 0.0, 0.002565, 0.999436, 0.033475, 0.4, -0.092115, -0.033096, 0.995198, -0.0, 0.0, 0.0, 0.0, 1.0],
                [0.995745, -0.005637, 0.091978, -0.0, 0.002565, 0.999436, 0.033475, 0.4, -0.092115, -0.033096, 0.995198, -0.0, 0.0, 0.0, 0.0, 1.0],
                [0.995745, -0.005637, 0.091978, 0.0, 0.002565, 0.999437, 0.033475, 0.4, -0.092115, -0.033096, 0.995198, 0.0, 0.0, 0.0, 0.0, 1.0],
                [0.995745, -0.005637, 0.091978, 0.0, 0.002565, 0.999437, 0.033475, 0.4, -0.092115, -0.033096, 0.995198, -0.0, 0.0, 0.0, 0.0, 1.0],
                [0.995745, -0.005637, 0.091978, 0.0, 0.002565, 0.999437, 0.033475, 0.4, -0.092115, -0.033096, 0.995198, 0.0, 0.0, 0.0, 0.0, 1.0],
                [0.995745, -0.005637, 0.091978, 0.0, 0.002565, 0.999436, 0.033475, 0.4, -0.092115, -0.033096, 0.995198, -0.0, 0.0, 0.0, 0.0, 1.0],
                [0.995745, -0.005637, 0.091978, -0.0, 0.002565, 0.999436, 0.033475, 0.4, -0.092115, -0.033096, 0.995198, 0.0, 0.0, 0.0, 0.0, 1.0],
                [0.995745, -0.005637, 0.091978, 0.0, 0.002565, 0.999436, 0.033475, 0.4, -0.092115, -0.033096, 0.995198, -0.0, 0.0, 0.0, 0.0, 1.0]
            ]
        },
        {
            "name": "Shoulder_R",
            "time": [0.0, 0.3333, 0.3833, 0.4333, 0.4833, 0.5833, 0.75, 1.0],
            "transform": [
                [0.160324, 0.939818, 0.301726, 0.0, 0.026846, -0.309719, 0.950449, 0.4, 0.986699, -0.144279, -0.074886, -0.0, 0.0, 0.0, 0.0, 1.0],
                [0.160324, 0.939818, 0.301726, -0.0, 0.026846, -0.309719, 0.950449, 0.4, 0.986699, -0.144279, -0.074886, -0.0, 0.0, 0.0, 0.0, 1.0],
                [0.160324, 0.939818, 0.301726, 0.0, 0.026846, -0.309719, 0.950449, 0.4, 0.986699, -0.144279, -0.074886, 0.0, 0.0, 0.0, 0.0, 1.0],
                [0.160324, 0.939818, 0.301726, 0.0, 0.026846, -0.309719, 0.950449, 0.4, 0.986699, -0.144279, -0.074886, -0.0, 0.0, 0.0, 0.0, 1.0],
                [0.160324, 0.939818, 0.301726, 0.0, 0.026846, -0.309719, 0.950449, 0.4, 0.986699, -0.144279, -0.074886, 0.0, 0.0, 0.0, 0.0, 1.0],
                [0.160324, 0.939818, 0.301726, 0.0, 0.026846, -0.309719, 0.950449, 0.4, 0.986699, -0.144279, -0.074886, -0.0, 0.0, 0.0, 0.0, 1.0],
                [0.160324, 0.939818, 0.301726, -0.0, 0.026846, -0.309719, 0.950449, 0.4, 0.986699, -0.144279, -0.074886, 0.0, 0.0, 0.0, 0.0, 1.0],
                [0.160324, 0.939818, 0.301726, 0.0, 0.026846, -0.309719, 0.950449, 0.4, 0.986699, -0.144279, -0.074886, -0.0, 0.0, 0.0, 0.0, 1.0]
            ]
        },
        {
            "name": "Arm_R",
            "time": [0.0, 0.3333, 0.3833, 0.4333, 0.4833, 0.5833, 0.75, 1.0],
            "transform": [
                [0.085397, 0.079919, -0.993137, 0.0, 0.943068, 0.315105, 0.106449, 0.39386, 0.32145, -0.945687, -0.048461, -0.0, 0.0, 0.0, 0.0, 1.0],
                [0.108368, 0.764147, -0.635876, 0.0, 0.72374, 0.377862, 0.577427, 0.39386, 0.681512, -0.522783, -0.512094, 0.0, 0.0, 0.0, 0.0, 1.0],
                [0.191706, 0.666692, -0.720258, -0.0, 0.612604, 0.492075, 0.618531, 0.393861, 0.76679, -0.559808, -0.314084, 0.0, 0.0, 0.0, 0.0, 1.0],
                [0.268392, 0.597884, -0.755316, -0.0, 0.562474, 0.539277, 0.626742, 0.393861, 0.782043, -0.593057, -0.191557, 0.0, 0.0, 0.0, 0.0, 1.0],
                [0.265013, 0.474818, -0.839236, -0.0, 0.592181, 0.606739, 0.530275, 0.393861, 0.760981, -0.637509, -0.120384, -0.0, 0.0, 0.0, 0.0, 1.0],
                [0.270181, 0.33969, -0.900897, -0.0, 0.663139, 0.612722, 0.429908, 0.393861, 0.698033, -0.713572, -0.059716, 0.0, 0.0, 0.0, 0.0, 1.0],
                [0.195269, 0.080865, -0.977411, 0.0, 0.745504, 0.635313, 0.201501, 0.39386, 0.637255, -0.76801, 0.063771, 0.0, 0.0, 0.0, 0.0, 1.0],
                [0.085397, 0.079919, -0.993137, 0.0, 0.943068, 0.315105, 0.106449, 0.39386, 0.32145, -0.945687, -0.048461, -0.0, 0.0, 0.0, 0.0, 1.0]
            ]
        },
        {
            "name": "Hand_R",
            "time": [0.0, 0.3333, 0.3833, 0.4333, 0.4833, 0.5833, 0.75, 1.0],
            "transform": [
                [1.0, -1e-06, 0.0, -0.0, 1e-06, 0.971149, -0.238474, 0.300002, 0.0, 0.238474, 0.971149, 0.0, 0.0, 0.0, 0.0, 1.0],
                [0.999999, -3e-06, 4e-06, -0.0, 3e-06, -0.271513, -0.962434, 0.300003, 4e-06, 0.962435, -0.271513, -0.0, 0.0, 0.0, 0.0, 1.0],
                [1.0, -2e-06, 2e-06, 0.0, 2e-06, 0.072316, -0.997381, 0.300003, 2e-06, 0.997382, 0.072316, -0.0, 0.0, 0.0, 0.0, 1.0],
                [1.0, -2e-06, 1e-06, -0.0, 2e-06, 0.314193, -0.949358, 0.300002, 1e-06, 0.949359, 0.314194, 0.0, 0.0, 0.0, 0.0, 1.0],
                [1.0, -1e-06, 1e-06, -0.0, 1e-06, 0.614654, -0.788796, 0.300002, 1e-06, 0.788797, 0.614654, -0.0, 0.0, 0.0, 0.0, 1.0],
                [1.0, -3e-06, 2e-06, -0.0, 3e-06, 0.574811, -0.818286, 0.300003, 1e-06, 0.818287, 0.574811, -0.0, 0.0, 0.0, 0.0, 1.0],
                [0.999999, -2e-06, 1e-06, 0.0, 2e-06, 0.44969, -0.893184, 0.300003, 1e-06, 0.893185, 0.44969, 0.0, 0.0, 0.0, 0.0, 1.0],
                [1.0, -1e-06, 0.0, -0.0, 1e-06, 0.971149, -0.238474, 0.300002, 0.0, 0.238474, 0.971149, 0.0, 0.0, 0.0, 0.0, 1.0]
            ]
        },
        {
            "name": "Tool_R",
            "time": [0.0, 0.3333, 0.3833, 0.4333, 0.4833, 0.5833, 0.75, 1.0],
            "transform": [
                [0.999812, 0.018997, 0.004013, 0.0, 0.019232, -0.940583, -0.339021, 0.271711, -0.002665, 0.339034, -0.940771, -0.028915, 0.0, 0.0, 0.0, 1.0],
                [0.999812, 0.018997, 0.004013, -0.0, 0.019232, -0.940583, -0.339021, 0.271711, -0.002665, 0.339034, -0.940771, -0.028915, 0.0, 0.0, 0.0, 1.0],
                [0.999812, 0.018997, 0.004013, 0.0, 0.019232, -0.940583, -0.339021, 0.271711, -0.002665, 0.339034, -0.940771, -0.028915, 0.0, 0.0, 0.0, 1.0],
                [0.999812, 0.018997, 0.004013, 0.0, 0.019232, -0.940583, -0.339021, 0.271711, -0.002665, 0.339034, -0.940771, -0.028915, 0.0, 0.0, 0.0, 1.0],
                [0.999812, 0.018997, 0.004013, 0.0, 0.019232, -0.940583, -0.339021, 0.271711, -0.002665, 0.339034, -0.940771, -0.028915, 0.0, 0.0, 0.0, 1.0],
                [0.999812, 0.018997, 0.004013, 0.0, 0.019232, -0.940583, -0.339021, 0.271711, -0.002665, 0.339034, -0.940771, -0.028915, 0.0, 0.0, 0.0, 1.0],
                [0.999812, 0.018997, 0.004013, 0.0, 0.019232, -0.940583, -0.339021, 0.271711, -0.002665, 0.339034, -0.940771, -0.028915, 0.0, 0.0, 0.0, 1.0],
                [0.999812, 0.018997, 0.004013, 0.0, 0.019232, -0.940583, -0.339021, 0.271711, -0.002665, 0.339034, -0.940771, -0.028915, 0.0, 0.0, 0.0, 1.0]
            ]
        },
        {
            "name": "Elbow_R",
            "time": [0.0, 1.0],
            "transform": [
                [-1.0, 0.0, -0.0, -0.0, 0.0, 0.003946, -0.999992, 0.321763, -0.0, -0.999992, -0.003946, -0.001166, 0.0, 0.0, 0.0, 1.0],
                [-1.0, 0.0, -0.0, -0.0, 0.0, 0.003946, -0.999992, 0.321763, -0.0, -0.999992, -0.003946, -0.001166, 0.0, 0.0, 0.0, 1.0]
            ]
        },
        {
            "name": "Shoulder_L",
            "time": [0.0, 0.3333, 0.3833, 0.4333, 0.4833, 0.5833, 0.75, 1.0],
            "transform": [
                [-0.034215, -0.933024, -0.358183, 0.0, -0.141043, -0.350298, 0.925958, 0.4, -0.989412, 0.082201, -0.119611, -0.0, 0.0, 0.0, 0.0, 1.0],
                [-0.034215, -0.933024, -0.358183, -0.0, -0.141043, -0.350298, 0.925958, 0.4, -0.989412, 0.082201, -0.119611, -0.0, 0.0, 0.0, 0.0, 1.0],
                [-0.034215, -0.933024, -0.358183, 0.0, -0.141043, -0.350298, 0.925958, 0.4, -0.989412, 0.082201, -0.119611, 0.0, 0.0, 0.0, 0.0, 1.0],
                [-0.034215, -0.933024, -0.358183, 0.0, -0.141043, -0.350298, 0.925958, 0.4, -0.989412, 0.082201, -0.119611, -0.0, 0.0, 0.0, 0.0, 1.0],
                [-0.034215, -0.933024, -0.358183, 0.0, -0.141043, -0.350298, 0.925958, 0.4, -0.989412, 0.082201, -0.119611, 0.0, 0.0, 0.0, 0.0, 1.0],
                [-0.034215, -0.933024, -0.358183, 0.0, -0.141043, -0.350298, 0.925958, 0.4, -0.989412, 0.082201, -0.119611, -0.0, 0.0, 0.0, 0.0, 1.0],
                [-0.034215, -0.933024, -0.358183, -0.0, -0.141043, -0.350298, 0.925958, 0.4, -0.989412, 0.082201, -0.119611, 0.0, 0.0, 0.0, 0.0, 1.0],
                [-0.034215, -0.933024, -0.358183, 0.0, -0.141043, -0.350298, 0.925958, 0.4, -0.989412, 0.082201, -0.119611, -0.0, 0.0, 0.0, 0.0, 1.0]
            ]
        },
        {
            "name": "Arm_L",
            "time": [0.0, 0.3333, 0.3833, 0.4333, 0.4833, 0.5833, 0.75, 1.0],
            "transform": [
                [0.042896, 0.018875, 0.998901, 0.0, -0.9157, 0.400605, 0.031753, 0.393861, -0.399566, -0.916055, 0.034469, -0.0, 0.0, 0.0, 0.0, 1.0],
                [0.594696, 0.774124, 0.216947, 0.0, -0.409776, 0.52404, -0.746636, 0.39386, -0.691679, 0.355121, 0.628862, -0.0, 0.0, 0.0, 0.0, 1.0],
                [0.887725, 0.31385, 0.33681, -0.0, 0.205317, 0.384913, -0.899825, 0.39386, -0.412053, 0.86795, 0.277259, 0.0, 0.0, 0.0, 0.0, 1.0],
                [0.887725, 0.313849, 0.336811, -0.0, 0.205317, 0.384916, -0.899824, 0.393861, -0.412054, 0.867949, 0.277261, 0.0, 0.0, 0.0, 0.0, 1.0],
                [0.887725, 0.313849, 0.336811, 0.0, 0.205316, 0.384916, -0.899824, 0.39386, -0.412053, 0.867949, 0.277261, 0.0, 0.0, 0.0, 0.0, 1.0],
                [0.778931, -0.331846, 0.532113, 0.0, 0.30848, 0.941515, 0.135599, 0.39386, -0.545991, 0.058524, 0.835743, -0.0, 0.0, 0.0, 0.0, 1.0],
                [0.281886, -0.260892, 0.923296, -0.0, -0.660443, 0.645276, 0.383969, 0.39386, -0.695957, -0.718019, 0.009591, -0.0, 0.0, 0.0, 0.0, 1.0],
                [0.042896, 0.018875, 0.998901, 0.0, -0.9157, 0.400605, 0.031753, 0.393861, -0.399566, -0.916055, 0.034469, -0.0, 0.0, 0.0, 0.0, 1.0]
            ]
        },
        {
            "name": "Hand_L",
            "time": [0.0, 0.3333, 0.3833, 0.4333, 0.4833, 0.5833, 0.75, 1.0],
            "transform": [
                [1.0, -0.0, 0.0, 0.0, 0.0, 0.956799, -0.290749, 0.300002, -0.0, 0.290748, 0.956799, -0.0, 0.0, 0.0, 0.0, 1.0],
                [1.0, -0.0, 0.0, 0.0, 0.0, 0.540441, -0.841382, 0.300003, 0.0, 0.841381, 0.540441, 0.0, 0.0, 0.0, 0.0, 1.0],
                [1.0, 0.0, 0.0, 0.0, 0.0, 0.962291, -0.272023, 0.300002, -0.0, 0.272023, 0.96229, -0.0, 0.0, 0.0, 0.0, 1.0],
                [1.0, 0.0, 0.0, 0.0, -0.0, 0.962289, -0.27203, 0.300002, -0.0, 0.272029, 0.962289, -0.0, 0.0, 0.0, 0.0, 1.0],
                [1.0, 0.0, 0.0, -0.0, 0.0, 0.962289, -0.272028, 0.300003, 0.0, 0.272028, 0.962289, 0.0, 0.0, 0.0, 0.0, 1.0],
                [1.0, -2e-06, 4e-06, -0.0, 2e-06, -0.547953, -0.836509, 0.300002, 4e-06, 0.836508, -0.547953, -0.0, 0.0, 0.0, 0.0, 1.0],
                [1.0, -1e-06, 1e-06, -0.0, 1e-06, 0.583751, -0.811933, 0.300003, 1e-06, 0.811931, 0.583751, 0.0, 0.0, 0.0, 0.0, 1.0],
                [1.0, -0.0, 0.0, 0.0, 0.0, 0.956799, -0.290749, 0.300002, -0.0, 0.290748, 0.956799, -0.0, 0.0, 0.0, 0.0, 1.0]
            ]
        },
        {
            "name": "Tool_L",
            "time": [0.0, 0.3333, 0.3833, 0.4333, 0.4833, 0.5833, 0.75, 1.0],
            "transform": [
                [1.0, -0.0, 0.0, 0.0, 0.0, -0.999559, -0.029689, 0.271711, 0.0, 0.029689, -0.99956, -0.028915, 0.0, 0.0, 0.0, 1.0],
                [1.0, 0.0, 0.0, -0.0, -0.0, -0.999559, -0.029689, 0.271711, 0.0, 0.029689, -0.99956, -0.028915, 0.0, 0.0, 0.0, 1.0],
                [1.0, -0.0, 0.0, -0.0, 0.0, -0.999559, -0.029689, 0.271711, 0.0, 0.029689, -0.999559, -0.028915, 0.0, 0.0, 0.0, 1.0],
                [1.0, 0.0, 0.0, 0.0, -0.0, -0.999559, -0.029689, 0.271711, 0.0, 0.029689, -0.99956, -0.028915, 0.0, 0.0, 0.0, 1.0],
                [1.0, 0.0, 0.0, 0.0, -0.0, -0.999559, -0.029689, 0.271711, 0.0, 0.029689, -0.99956, -0.028915, 0.0, 0.0, 0.0, 1.0],
                [1.0, 0.0, 0.0, 0.0, 0.0, -0.999559, -0.029689, 0.271711, 0.0, 0.029689, -0.99956, -0.028915, 0.0, 0.0, 0.0, 1.0],
                [1.0, -0.0, 0.0, 0.0, -0.0, -0.999559, -0.029689, 0.271711, 0.0, 0.029689, -0.99956, -0.028915, 0.0, 0.0, 0.0, 1.0],
                [1.0, -0.0, 0.0, 0.0, 0.0, -0.999559, -0.029689, 0.271711, 0.0, 0.029689, -0.99956, -0.028915, 0.0, 0.0, 0.0, 1.0]
            ]
        },
        {
            "name": "Elbow_L",
            "time": [0.0, 1.0],
            "transform": [
                [-1.0, 0.0, -0.0, -0.0, 0.0, 0.003946, -0.999992, 0.326844, -0.0, -0.999993, -0.003946, -0.001146, 0.0, 0.0, 0.0, 1.0],
                [-1.0, 0.0, -0.0, -0.0, 0.0, 0.003946, -0.999992, 0.326844, -0.0, -0.999993, -0.003946, -0.001146, 0.0, 0.0, 0.0, 1.0]
            ]
        }
    ]
}