{
    "animation": [
        {
            "name": "Root",
            "time": [0.0, 0.01, 0.02, 0.03, 0.04, 0.05, 0.06, 0.07, 0.08, 0.09, 0.1, 0.11, 0.12, 0.13, 0.14, 0.15, 0.16, 0.17, 0.18, 0.19, 0.2, 0.21, 0.22, 0.23, 0.24, 0.25, 0.26, 0.27, 0.28, 0.29, 0.3, 0.31, 0.32, 0.33, 0.34, 0.35, 0.36, 0.37, 0.38, 0.39, 0.4, 0.41, 0.42, 0.43, 0.44, 0.45, 0.46, 0.47, 0.48, 0.49, 0.5, 0.51, 0.52, 0.53, 0.54, 0.55, 0.56, 0.57, 0.58, 0.59, 0.6, 0.61, 0.62, 0.63, 0.64, 0.65, 0.66, 0.67, 0.68, 0.69, 0.7, 0.71, 0.72, 0.73, 0.74, 0.75, 0.76, 0.77, 0.78, 0.79, 0.8, 0.81, 0.82, 0.83, 0.84, 0.85, 0.86, 0.87, 0.88, 0.89, 0.9, 0.91, 0.92, 0.93, 0.94, 0.95, 0.96, 0.97, 0.98, 0.99, 1.0, 1.01, 1.02, 1.03, 1.04, 1.05, 1.06, 1.07, 1.08, 1.09, 1.1, 1.11, 1.12, 1.13, 1.14, 1.15, 1.16, 1.17, 1.18, 1.19, 1.2, 1.21, 1.22, 1.23, 1.24, 1.25, 1.26, 1.27, 1.28, 1.29, 1.3, 1.31, 1.32, 1.33, 1.34, 1.35, 1.36, 1.37, 1.38, 1.39, 1.4, 1.41, 1.42, 1.43, 1.44, 1.45, 1.46, 1.47, 1.48, 1.49, 1.5, 1.51, 1.52, 1.53, 1.54, 1.55, 1.56, 1.57, 1.58, 1.59, 1.6, 1.61, 1.62, 1.63, 1.64, 1.65, 1.66, 1.67, 1.68, 1.69, 1.7, 1.71, 1.72, 1.73, 1.74, 1.75, 1.76, 1.77, 1.78, 1.79, 1.8, 1.81, 1.82, 1.83, 1.84, 1.85, 1.86, 1.87, 1.88, 1.89, 1.9, 1.91, 1.92, 1.93, 1.94, 1.95, 1.96, 1.97, 1.98, 1.99, 2.0, 2.01, 2.02, 2.03, 2.04, 2.05, 2.06, 2.07, 2.08, 2.09, 2.1, 2.11, 2.12, 2.13, 2.14, 2.15, 2.16, 2.17, 2.18, 2.19, 2.2, 2.21, 2.22, 2.23, 2.24, 2.25, 2.26, 2.27, 2.28, 2.29, 2.3, 2.31, 2.32, 2.33, 2.34, 2.35, 2.36, 2.37, 2.38, 2.39, 2.4, 2.41, 2.42, 2.43, 2.44, 2.45, 2.46, 2.47, 2.48, 2.49, 2.5, 2.51, 2.52, 2.53, 2.54, 2.55, 2.56, 2.57, 2.58, 2.59, 2.6, 2.61, 2.62, 2.63, 2.64, 2.65, 2.66, 2.67, 2.68, 2.69, 2.7, 2.71, 2.72, 2.73, 2.74, 2.75, 2.76, 2.77, 2.78, 2.79, 2.8, 2.81, 2.82, 2.83, 2.84, 2.85, 2.86, 2.87, 2.88, 2.89, 2.9, 2.91, 2.92, 2.93, 2.94, 2.95, 2.96, 2.97, 2.98, 2.99, 3.0, 3.01, 3.02, 3.03, 3.04, 3.05, 3.06, 3.07, 3.08, 3.09, 3.1, 3.11, 3.12, 3.13, 3.14, 3.15, 3.16, 3.17, 3.18, 3.19, 3.2],
            "transform": [
                [0.9948, -0.004577, -0.10174, 0.006964, -0.10176, -0.004349, -0.994799, 0.024774, 0.00411, 0.99998, -0.004792, 0.751244, 0.0, 0.0, 0.0, 1.0],
                [0.994925, -0.004275, -0.100528, 0.006964, -0.100542, -0.00315, -0.994928, 0.02456, 0.003936, 0.999986, -0.003564, 0.750581, 0.0, 0.0, 0.0, 1.0],
                [0.995282, -0.003398, -0.096968, 0.006964, -0.096967, 0.000359, -0.995287, 0.023939, 0.003417, 0.999994, 2.7e-05, 0.748639, 0.0, 0.0, 0.0, 1.0],
                [0.995834, -0.002, -0.091165, 0.006965, -0.091152, 0.006051, -0.995819, 0.022938, 0.002543, 0.99998, 0.005843, 0.745489, 0.0, 0.0, 0.0, 1.0],
                [0.996531, -0.000147, -0.083219, 0.006966, -0.083209, 0.013806, -0.996436, 0.021588, 0.001296, 0.999905, 0.013746, 0.741204, 0.0, 0.0, 0.0, 1.0],
                [0.997314, 0.002085, -0.073221, 0.006967, -0.07325, 0.023509, -0.997036, 0.019918, -0.000358, 0.999721, 0.023598, 0.735854, 0.0, 0.0, 0.0, 1.0],
                [0.998111, 0.004615, -0.061264, 0.00697, -0.061389, 0.035043, -0.997499, 0.017956, -0.002457, 0.999375, 0.03526, 0.729512, 0.0, 0.0, 0.0, 1.0],
                [0.998847, 0.007353, -0.047441, 0.006973, -0.047742, 0.048291, -0.997692, 0.015732, -0.005045, 0.998806, 0.048587, 0.722248, 0.0, 0.0, 0.0, 1.0],
                [0.999441, 0.010205, -0.031847, 0.006978, -0.032429, 0.063134, -0.997478, 0.013275, -0.008169, 0.997953, 0.06343, 0.714135, 0.0, 0.0, 0.0, 1.0],
                [0.999808, 0.013077, -0.014585, 0.006984, -0.015579, 0.079445, -0.996717, 0.010614, -0.011875, 0.996754, 0.079633, 0.705243, 0.0, 0.0, 0.0, 1.0],
                [0.999865, 0.015872, 0.004235, 0.006991, 0.002675, 0.097089, -0.995272, 0.007778, -0.016208, 0.995149, 0.097034, 0.695645, 0.0, 0.0, 0.0, 1.0],
                [0.999529, 0.018496, 0.024495, 0.007, 0.02219, 0.115926, -0.99301, 0.004796, -0.021207, 0.993086, 0.115461, 0.685411, 0.0, 0.0, 0.0, 1.0],
                [0.998721, 0.020859, 0.046063, 0.007011, 0.042816, 0.135804, -0.98981, 0.001698, -0.026902, 0.990516, 0.134738, 0.674614, 0.0, 0.0, 0.0, 1.0],
                [0.997368, 0.022876, 0.0688, 0.007024, 0.064394, 0.156563, -0.985566, -0.001488, -0.033318, 0.987403, 0.154678, 0.663324, 0.0, 0.0, 0.0, 1.0],
                [0.995407, 0.024472, 0.092551, 0.007038, 0.08676, 0.178032, -0.980192, -0.004732, -0.040464, 0.98372, 0.175091, 0.651614, 0.0, 0.0, 0.0, 1.0],
                [0.992784, 0.025579, 0.117156, 0.007055, 0.109742, 0.200034, -0.973624, -0.008005, -0.04834, 0.979455, 0.195784, 0.639555, 0.0, 0.0, 0.0, 1.0],
                [0.989458, 0.026145, 0.142443, 0.007075, 0.133165, 0.222387, -0.965822, -0.011278, -0.056929, 0.974608, 0.216561, 0.627218, 0.0, 0.0, 0.0, 1.0],
                [0.985401, 0.026128, 0.168234, 0.007097, 0.156853, 0.244902, -0.956776, -0.014521, -0.0662, 0.969196, 0.237228, 0.614675, 0.0, 0.0, 0.0, 1.0],
                [0.980601, 0.025506, 0.194345, 0.007122, 0.180633, 0.267389, -0.946506, -0.017707, -0.076107, 0.963251, 0.257595, 0.601998, 0.0, 0.0, 0.0, 1.0],
                [0.975064, 0.024269, 0.220593, 0.00715, 0.204334, 0.289661, -0.935064, -0.020805, -0.08659, 0.956821, 0.277479, 0.589257, 0.0, 0.0, 0.0, 1.0],
                [0.968809, 0.022426, 0.246792, 0.007181, 0.227791, 0.311532, -0.922529, -0.023787, -0.097572, 0.949971, 0.296707, 0.576525, 0.0, 0.0, 0.0, 1.0],
                [0.961873, 0.020001, 0.272763, 0.007215, 0.250852, 0.332823, -0.909012, -0.026623, -0.108963, 0.942777, 0.315116, 0.563873, 0.0, 0.0, 0.0, 1.0],
                [0.95431, 0.017037, 0.298334, 0.007253, 0.273375, 0.353364, -0.894651, -0.029284, -0.120662, 0.935331, 0.332561, 0.551372, 0.0, 0.0, 0.0, 1.0],
                [0.946185, 0.01359, 0.32334, 0.007294, 0.295232, 0.372995, -0.879609, -0.031741, -0.132558, 0.927734, 0.34891, 0.539095, 0.0, 0.0, 0.0, 1.0],
                [0.937581, 0.00973, 0.347632, 0.007339, 0.316313, 0.39157, -0.864071, -0.033965, -0.14453, 0.920097, 0.36405, 0.527112, 0.0, 0.0, 0.0, 1.0],
                [0.928588, 0.005542, 0.37107, 0.007388, 0.336521, 0.408954, -0.848239, -0.035927, -0.156451, 0.912538, 0.377885, 0.515495, 0.0, 0.0, 0.0, 1.0],
                [0.91931, 0.001118, 0.393532, 0.007441, 0.355781, 0.425028, -0.832329, -0.037598, -0.168193, 0.90518, 0.390334, 0.504315, 0.0, 0.0, 0.0, 1.0],
                [0.909856, -0.003439, 0.41491, 0.007498, 0.37403, 0.439685, -0.816565, -0.038948, -0.179621, 0.898146, 0.401336, 0.493645, 0.0, 0.0, 0.0, 1.0],
                [0.900342, -0.008022, 0.43511, 0.007559, 0.391222, 0.452831, -0.80118, -0.039948, -0.190604, 0.89156, 0.410841, 0.483555, 0.0, 0.0, 0.0, 1.0],
                [0.890887, -0.012518, 0.454053, 0.007625, 0.407328, 0.464382, -0.786405, -0.040569, -0.201009, 0.885546, 0.418811, 0.474118, 0.0, 0.0, 0.0, 1.0],
                [0.881613, -0.016815, 0.471672, 0.007696, 0.422326, 0.474265, -0.772472, -0.040783, -0.210709, 0.880222, 0.42522, 0.465404, 0.0, 0.0, 0.0, 1.0],
                [0.872645, -0.020797, 0.487913, 0.014381, 0.436208, 0.48241, -0.759607, 0.106912, -0.219576, 0.875699, 0.430045, 0.457531, 0.0, 0.0, 0.0, 1.0],
                [0.864103, -0.024354, 0.502726, 0.030216, 0.44897, 0.488753, -0.748028, 0.488758, -0.227492, 0.872082, 0.433267, 0.450802, 0.0, 0.0, 0.0, 1.0],
                [0.856109, -0.027377, 0.51607, 0.049091, 0.460612, 0.493229, -0.737944, 1.0129, -0.234338, 0.869468, 0.434868, 0.445564, 0.0, 0.0, 0.0, 1.0],
                [0.848782, -0.029763, 0.527905, 0.064897, 0.471133, 0.495769, -0.729552, 1.58748, -0.240005, 0.867944, 0.434822, 0.442166, 0.0, 0.0, 0.0, 1.0],
                [0.842238, -0.031417, 0.538189, 0.071523, 0.480531, 0.496297, -0.723035, 2.120642, -0.244386, 0.867584, 0.433097, 0.440956, 0.0, 0.0, 0.0, 1.0],
                [0.836578, -0.032476, 0.546884, 0.065877, 0.4887, 0.495406, -0.718154, 2.539715, -0.247607, 0.868054, 0.430317, 0.441028, 0.0, 0.0, 0.0, 1.0],
                [0.831867, -0.032614, 0.554016, 0.052414, 0.495751, 0.492385, -0.715394, 2.84877, -0.249457, 0.869766, 0.425767, 0.441533, 0.0, 0.0, 0.0, 1.0],
                [0.828162, -0.031021, 0.55963, 0.036344, 0.501989, 0.485174, -0.71597, 3.071064, -0.249308, 0.873867, 0.417375, 0.442903, 0.0, 0.0, 0.0, 1.0],
                [0.825527, -0.026871, 0.563723, 0.022881, 0.507687, 0.471627, -0.720986, 3.229855, -0.246493, 0.881389, 0.402983, 0.445572, 0.0, 0.0, 0.0, 1.0],
                [0.824046, -0.019336, 0.566192, 0.017235, 0.51303, 0.449403, -0.731326, 3.348399, -0.240308, 0.89312, 0.380248, 0.449972, 0.0, 0.0, 0.0, 1.0],
                [0.835548, -0.006265, 0.549382, 0.017498, 0.501577, 0.416797, -0.75809, 3.446875, -0.224231, 0.908978, 0.351397, 0.459705, 0.0, 0.0, 0.0, 1.0],
                [0.867103, 0.011215, 0.498002, 0.018201, 0.458216, 0.37415, -0.806256, 3.533147, -0.19537, 0.9273, 0.319288, 0.476378, 0.0, 0.0, 0.0, 1.0],
                [0.909566, 0.028701, 0.414568, 0.019215, 0.384169, 0.322292, -0.865183, 3.612003, -0.158444, 0.946205, 0.28212, 0.497436, 0.0, 0.0, 0.0, 1.0],
                [0.952062, 0.041879, 0.303024, 0.020409, 0.282049, 0.263328, -0.922554, 3.688229, -0.118431, 0.963797, 0.238893, 0.520323, 0.0, 0.0, 0.0, 1.0],
                [0.984133, 0.047502, 0.170958, 0.021655, 0.158219, 0.201164, -0.966695, 3.766611, -0.08031, 0.978405, 0.190456, 0.542481, 0.0, 0.0, 0.0, 1.0],
                [0.998567, 0.044442, 0.029815, 0.022851, 0.02327, 0.141126, -0.989718, 3.85005, -0.048193, 0.988994, 0.139889, 0.561722, 0.0, 0.0, 0.0, 1.0],
                [0.993656, 0.034207, -0.107136, 0.024024, -0.109796, 0.088775, -0.989982, 3.933897, -0.024353, 0.995464, 0.091968, 0.577316, 0.0, 0.0, 0.0, 1.0],
                [0.973474, 0.020483, -0.227877, 0.025225, -0.228625, 0.048604, -0.9723, 4.011617, -0.00884, 0.998608, 0.051998, 0.588903, 0.0, 0.0, 0.0, 1.0],
                [0.946108, 0.007998, -0.323753, 0.026511, -0.323852, 0.02344, -0.945817, 4.076675, 2.5e-05, 0.999693, 0.024767, 0.59612, 0.0, 0.0, 0.0, 1.0],
                [0.92105, 0.001339, -0.389442, 0.027934, -0.389418, 0.014863, -0.920941, 4.122535, 0.004555, 0.999889, 0.014211, 0.598606, 0.0, 0.0, 0.0, 1.0],
                [0.899904, -0.000965, -0.436087, 0.029538, -0.436025, 0.015063, -0.899808, 4.155217, 0.007437, 0.999886, 0.013134, 0.598605, 0.0, 0.0, 0.0, 1.0],
                [0.878507, -0.003043, -0.47772, 0.031312, -0.477625, 0.015357, -0.87843, 4.185178, 0.010009, 0.999877, 0.012038, 0.598597, 0.0, 0.0, 0.0, 1.0],
                [0.857294, -0.004909, -0.514803, 0.033236, -0.514679, 0.015718, -0.857239, 4.212535, 0.0123, 0.999864, 0.010948, 0.598576, 0.0, 0.0, 0.0, 1.0],
                [0.836599, -0.006579, -0.547776, 0.035288, -0.547628, 0.016124, -0.836566, 4.237407, 0.014336, 0.999848, 0.009886, 0.598536, 0.0, 0.0, 0.0, 1.0],
                [0.816671, -0.008067, -0.577047, 0.037447, -0.576878, 0.016556, -0.816662, 4.259912, 0.016142, 0.99983, 0.008867, 0.598469, 0.0, 0.0, 0.0, 1.0],
                [0.797694, -0.009388, -0.602989, 0.039693, -0.602801, 0.017001, -0.79771, 4.280169, 0.01774, 0.999811, 0.007902, 0.598369, 0.0, 0.0, 0.0, 1.0],
                [0.7798, -0.010556, -0.62594, 0.042003, -0.625736, 0.017447, -0.77984, 4.298295, 0.019152, 0.999792, 0.007, 0.59823, 0.0, 0.0, 0.0, 1.0],
                [0.763078, -0.011583, -0.646202, 0.044356, -0.645984, 0.017884, -0.763141, 4.314409, 0.020396, 0.999773, 0.006164, 0.598045, 0.0, 0.0, 0.0, 1.0],
                [0.747586, -0.012482, -0.664047, 0.046732, -0.663817, 0.018306, -0.747671, 4.32863, 0.021489, 0.999754, 0.0054, 0.597807, 0.0, 0.0, 0.0, 1.0],
                [0.733355, -0.013264, -0.679717, 0.049108, -0.679476, 0.018708, -0.733459, 4.341076, 0.022445, 0.999737, 0.004708, 0.59751, 0.0, 0.0, 0.0, 1.0],
                [0.720393, -0.013938, -0.693426, 0.051464, -0.693175, 0.019086, -0.720517, 4.351865, 0.023277, 0.999721, 0.004087, 0.597147, 0.0, 0.0, 0.0, 1.0],
                [0.708697, -0.014516, -0.705364, 0.053779, -0.705105, 0.019436, -0.708837, 4.361115, 0.023999, 0.999706, 0.003539, 0.596712, 0.0, 0.0, 0.0, 1.0],
                [0.698246, -0.015006, -0.715701, 0.05603, -0.715435, 0.019756, -0.6984, 4.368946, 0.02462, 0.999692, 0.003059, 0.596198, 0.0, 0.0, 0.0, 1.0],
                [0.68901, -0.015416, -0.724587, 0.058197, -0.724315, 0.020046, -0.689178, 4.375474, 0.025149, 0.99968, 0.002646, 0.595598, 0.0, 0.0, 0.0, 1.0],
                [0.680952, -0.015754, -0.732159, 0.060259, -0.731881, 0.020304, -0.68113, 4.38082, 0.025597, 0.99967, 0.002296, 0.594907, 0.0, 0.0, 0.0, 1.0],
                [0.674023, -0.016028, -0.738536, 0.062194, -0.738253, 0.020531, -0.674211, 4.385099, 0.025969, 0.999661, 0.002006, 0.594116, 0.0, 0.0, 0.0, 1.0],
                [0.668172, -0.016245, -0.743829, 0.063981, -0.743543, 0.020727, -0.668367, 4.388433, 0.026275, 0.999653, 0.00177, 0.593221, 0.0, 0.0, 0.0, 1.0],
                [0.663339, -0.016412, -0.748139, 0.065599, -0.747849, 0.020892, -0.66354, 4.390938, 0.02652, 0.999647, 0.001585, 0.592213, 0.0, 0.0, 0.0, 1.0],
                [0.659459, -0.016535, -0.751558, 0.067026, -0.751265, 0.021028, -0.659665, 4.392733, 0.026711, 0.999642, 0.001445, 0.591088, 0.0, 0.0, 0.0, 1.0],
                [0.656463, -0.016621, -0.754175, 0.068241, -0.75388, 0.021135, -0.656672, 4.393937, 0.026854, 0.999638, 0.001344, 0.589837, 0.0, 0.0, 0.0, 1.0],
                [0.654276, -0.016677, -0.756071, 0.069223, -0.755775, 0.021216, -0.654488, 4.394666, 0.026956, 0.999636, 0.001277, 0.588455, 0.0, 0.0, 0.0, 1.0],
                [0.652819, -0.016709, -0.757329, 0.069951, -0.757032, 0.021271, -0.653032, 4.395041, 0.027021, 0.999634, 0.001237, 0.586935, 0.0, 0.0, 0.0, 1.0],
                [0.652009, -0.016724, -0.758026, 0.070404, -0.757728, 0.021303, -0.652223, 4.395179, 0.027056, 0.999633, 0.001218, 0.58527, 0.0, 0.0, 0.0, 1.0],
                [0.651759, -0.016727, -0.758241, 0.070559, -0.757943, 0.021313, -0.651973, 4.395198, 0.027066, 0.999633, 0.001213, 0.583453, 0.0, 0.0, 0.0, 1.0],
                [0.760451, -0.007546, 0.649351, -0.09793, 0.639981, 0.178354, -0.747405, 2.745265, -0.110175, 0.983937, 0.140459, 0.565799, 0.0, 0.0, 0.0, 1.0],
                [0.776548, -0.021273, 0.629699, -0.09793, 0.622063, 0.184602, -0.760894, 2.745265, -0.100058, 0.982583, 0.156585, 0.565799, 0.0, 0.0, 0.0, 1.0],
                [0.80665, -0.043022, 0.589461, -0.09793, 0.586374, 0.18318, -0.789057, 2.745265, -0.074031, 0.982138, 0.172989, 0.565799, 0.0, 0.0, 0.0, 1.0],
                [0.866384, -0.058478, 0.495943, -0.09793, 0.497672, 0.183154, -0.847807, 2.745265, -0.041256, 0.981344, 0.187784, 0.565799, 0.0, 0.0, 0.0, 1.0],
                [0.952325, -0.051047, 0.300785, -0.09793, 0.304929, 0.190887, -0.933049, 2.745265, -0.009787, 0.980284, 0.197352, 0.565799, 0.0, 0.0, 0.0, 1.0],
                [-0.947575, 0.161352, -0.275805, 0.066405, -0.303781, -0.187215, 0.934167, -2.693641, 0.099095, 0.968977, 0.226416, 0.556942, 0.0, 0.0, 0.0, 1.0],
                [-0.909569, 0.142387, -0.390399, 0.066405, -0.41481, -0.254899, 0.873475, -2.693641, 0.024859, 0.956427, 0.290912, 0.556942, 0.0, 0.0, 0.0, 1.0],
                [-0.763865, 0.175773, -0.620979, 0.066405, -0.643897, -0.272701, 0.714865, -2.693641, -0.043688, 0.945906, 0.321486, 0.556942, 0.0, 0.0, 0.0, 1.0],
                [-0.558613, 0.189597, -0.807468, 0.066405, -0.820451, -0.269157, 0.504395, -2.693641, -0.121704, 0.94425, 0.30591, 0.556942, 0.0, 0.0, 0.0, 1.0],
                [-0.450759, 0.126631, -0.883618, 0.066405, -0.865393, -0.304723, 0.397792, -2.693641, -0.218886, 0.943986, 0.246942, 0.556942, 0.0, 0.0, 0.0, 1.0],
                [-0.878744, -0.229913, 0.418271, -2.300296, 0.439907, -0.05013, 0.896643, 0.078605, -0.185182, 0.971919, 0.145192, 0.742562, 0.0, 0.0, 0.0, 1.0],
                [-0.577193, -0.255818, 0.775504, -2.299113, 0.787285, 0.077881, 0.611651, 0.056954, -0.216868, 0.963583, 0.156449, 0.750469, 0.0, 0.0, 0.0, 1.0],
                [-0.333704, -0.253315, 0.908005, -2.290831, 0.913288, 0.151766, 0.377986, 0.009322, -0.233554, 0.955405, 0.180705, 0.75453, 0.0, 0.0, 0.0, 1.0],
                [-0.18173, -0.250595, 0.950882, -2.26835, 0.953501, 0.191533, 0.232707, -0.038309, -0.24044, 0.948956, 0.204135, 0.756026, 0.0, 0.0, 0.0, 1.0],
                [-0.129032, -0.250883, 0.959379, -2.224571, 0.961645, 0.204497, 0.182814, -0.05996, -0.242055, 0.946171, 0.214873, 0.75624, 0.0, 0.0, 0.0, 1.0],
                [-0.496598, 0.284534, -0.820019, 2.062433, -0.867592, -0.19099, 0.459137, 0.158129, -0.025975, 0.939448, 0.341704, 0.472393, 0.0, 0.0, 0.0, 1.0],
                [-0.164585, 0.282203, -0.945131, 2.065955, -0.982548, -0.131093, 0.131959, 0.133769, -0.086661, 0.950356, 0.298854, 0.481672, 0.0, 0.0, 0.0, 1.0],
                [0.031417, 0.28073, -0.959272, 2.067764, -0.99202, -0.108492, -0.064239, 0.080178, -0.122108, 0.953635, 0.275082, 0.502087, 0.0, 0.0, 0.0, 1.0],
                [0.250492, 0.300582, -0.920274, 2.06843, -0.953497, -0.087989, -0.288274, 0.026587, -0.167624, 0.949688, 0.264564, 0.522501, 0.0, 0.0, 0.0, 1.0],
                [0.628199, 0.344646, -0.697556, 2.068526, -0.736918, -0.024096, -0.675552, 0.002228, -0.249635, 0.938423, 0.238839, 0.53178, 0.0, 0.0, 0.0, 1.0],
                [0.842239, -0.031417, 0.538189, -0.000606, 0.480531, 0.496297, -0.723035, 0.623304, -0.244386, 0.867584, 0.433097, 0.46461, 0.0, 0.0, 0.0, 1.0],
                [0.842229, -0.031785, 0.538182, -0.000808, 0.480396, 0.497314, -0.722425, 0.623303, -0.244683, 0.866988, 0.434121, 0.463388, 0.0, 0.0, 0.0, 1.0],
                [0.842219, -0.032145, 0.538177, -0.001007, 0.480262, 0.498321, -0.72182, 0.623301, -0.244982, 0.866396, 0.435133, 0.462178, 0.0, 0.0, 0.0, 1.0],
                [0.842207, -0.032498, 0.538174, -0.001202, 0.480128, 0.49932, -0.721219, 0.623298, -0.245283, 0.865808, 0.436134, 0.460981, 0.0, 0.0, 0.0, 1.0],
                [0.842195, -0.032843, 0.538172, -0.001392, 0.479995, 0.500309, -0.720621, 0.623294, -0.245585, 0.865224, 0.437122, 0.459796, 0.0, 0.0, 0.0, 1.0],
                [0.842182, -0.03318, 0.538172, -0.001579, 0.479863, 0.50129, -0.720028, 0.623288, -0.24589, 0.864643, 0.438099, 0.458622, 0.0, 0.0, 0.0, 1.0],
                [0.842168, -0.03351, 0.538173, -0.001762, 0.479731, 0.502261, -0.719439, 0.623281, -0.246195, 0.864066, 0.439064, 0.457461, 0.0, 0.0, 0.0, 1.0],
                [0.842153, -0.033832, 0.538177, -0.001941, 0.479599, 0.503224, -0.718854, 0.623273, -0.246503, 0.863494, 0.440017, 0.456311, 0.0, 0.0, 0.0, 1.0],
                [0.842137, -0.034148, 0.538181, -0.002116, 0.479468, 0.504177, -0.718273, 0.623264, -0.246812, 0.862925, 0.440959, 0.455174, 0.0, 0.0, 0.0, 1.0],
                [0.84212, -0.034455, 0.538188, -0.002287, 0.479337, 0.505122, -0.717696, 0.623254, -0.247122, 0.86236, 0.44189, 0.454048, 0.0, 0.0, 0.0, 1.0],
                [0.842103, -0.034756, 0.538196, -0.002455, 0.479207, 0.506059, -0.717123, 0.623242, -0.247434, 0.861798, 0.442809, 0.452934, 0.0, 0.0, 0.0, 1.0],
                [0.842084, -0.03505, 0.538206, -0.002619, 0.479077, 0.506986, -0.716554, 0.623229, -0.247748, 0.861241, 0.443717, 0.451831, 0.0, 0.0, 0.0, 1.0],
                [0.842065, -0.035336, 0.538217, -0.002779, 0.478948, 0.507905, -0.715989, 0.623216, -0.248063, 0.860688, 0.444614, 0.450741, 0.0, 0.0, 0.0, 1.0],
                [0.842045, -0.035616, 0.53823, -0.002936, 0.478819, 0.508816, -0.715429, 0.623201, -0.24838, 0.860138, 0.445499, 0.449661, 0.0, 0.0, 0.0, 1.0],
                [0.842024, -0.035889, 0.538245, -0.003089, 0.478691, 0.509718, -0.714872, 0.623185, -0.248698, 0.859593, 0.446374, 0.448593, 0.0, 0.0, 0.0, 1.0],
                [0.842002, -0.036154, 0.538261, -0.003239, 0.478564, 0.510612, -0.71432, 0.623168, -0.249017, 0.859051, 0.447238, 0.447537, 0.0, 0.0, 0.0, 1.0],
                [0.84198, -0.036413, 0.538279, -0.003385, 0.478436, 0.511497, -0.713771, 0.623149, -0.249338, 0.858513, 0.448092, 0.446492, 0.0, 0.0, 0.0, 1.0],
                [0.841956, -0.036665, 0.538299, -0.003528, 0.478309, 0.512374, -0.713227, 0.62313, -0.24966, 0.857979, 0.448934, 0.445458, 0.0, 0.0, 0.0, 1.0],
                [0.841932, -0.036911, 0.53832, -0.003667, 0.478183, 0.513243, -0.712687, 0.62311, -0.249983, 0.857449, 0.449766, 0.444436, 0.0, 0.0, 0.0, 1.0],
                [0.841907, -0.03715, 0.538342, -0.003803, 0.478057, 0.514104, -0.712151, 0.623088, -0.250307, 0.856923, 0.450587, 0.443424, 0.0, 0.0, 0.0, 1.0],
                [0.841881, -0.037382, 0.538367, -0.003936, 0.477932, 0.514956, -0.711618, 0.623066, -0.250633, 0.856401, 0.451398, 0.442424, 0.0, 0.0, 0.0, 1.0],
                [0.841855, -0.037608, 0.538392, -0.004065, 0.477807, 0.515801, -0.711091, 0.623043, -0.25096, 0.855883, 0.452199, 0.441435, 0.0, 0.0, 0.0, 1.0],
                [0.841827, -0.037828, 0.53842, -0.004191, 0.477683, 0.516637, -0.710567, 0.623018, -0.251288, 0.855368, 0.452989, 0.440457, 0.0, 0.0, 0.0, 1.0],
                [0.841799, -0.038041, 0.538449, -0.004314, 0.477559, 0.517465, -0.710047, 0.622993, -0.251618, 0.854858, 0.453769, 0.43949, 0.0, 0.0, 0.0, 1.0],
                [0.84177, -0.038248, 0.538479, -0.004434, 0.477436, 0.518286, -0.709531, 0.622966, -0.251948, 0.854352, 0.454539, 0.438533, 0.0, 0.0, 0.0, 1.0],
                [0.841741, -0.038448, 0.538511, -0.004551, 0.477313, 0.519099, -0.70902, 0.622939, -0.25228, 0.853849, 0.455299, 0.437588, 0.0, 0.0, 0.0, 1.0],
                [0.84171, -0.038643, 0.538544, -0.004664, 0.47719, 0.519903, -0.708512, 0.62291, -0.252612, 0.85335, 0.456048, 0.436653, 0.0, 0.0, 0.0, 1.0],
                [0.841679, -0.038831, 0.53858, -0.004775, 0.477068, 0.520701, -0.708009, 0.622881, -0.252946, 0.852856, 0.456788, 0.435729, 0.0, 0.0, 0.0, 1.0],
                [0.841648, -0.039014, 0.538616, -0.004883, 0.476947, 0.52149, -0.707509, 0.622851, -0.25328, 0.852365, 0.457518, 0.434815, 0.0, 0.0, 0.0, 1.0],
                [0.841615, -0.03919, 0.538654, -0.004987, 0.476826, 0.522272, -0.707014, 0.62282, -0.253616, 0.851878, 0.458239, 0.433912, 0.0, 0.0, 0.0, 1.0],
                [0.841582, -0.039361, 0.538694, -0.005089, 0.476706, 0.523046, -0.706523, 0.622788, -0.253953, 0.851395, 0.45895, 0.43302, 0.0, 0.0, 0.0, 1.0],
                [0.841548, -0.039525, 0.538734, -0.005188, 0.476586, 0.523813, -0.706036, 0.622755, -0.25429, 0.850916, 0.459651, 0.432138, 0.0, 0.0, 0.0, 1.0],
                [0.841513, -0.039684, 0.538777, -0.005284, 0.476466, 0.524572, -0.705552, 0.622721, -0.254628, 0.850441, 0.460342, 0.431266, 0.0, 0.0, 0.0, 1.0],
                [0.841478, -0.039837, 0.538821, -0.005377, 0.476347, 0.525324, -0.705073, 0.622687, -0.254967, 0.849969, 0.461025, 0.430405, 0.0, 0.0, 0.0, 1.0],
                [0.841442, -0.039985, 0.538866, -0.005468, 0.476228, 0.526068, -0.704598, 0.622651, -0.255307, 0.849502, 0.461698, 0.429554, 0.0, 0.0, 0.0, 1.0],
                [0.841405, -0.040127, 0.538912, -0.005556, 0.47611, 0.526805, -0.704127, 0.622615, -0.255648, 0.849038, 0.462362, 0.428713, 0.0, 0.0, 0.0, 1.0],
                [0.841368, -0.040263, 0.53896, -0.005641, 0.475993, 0.527535, -0.70366, 0.622577, -0.255989, 0.848579, 0.463016, 0.427882, 0.0, 0.0, 0.0, 1.0],
                [0.84133, -0.040394, 0.53901, -0.005723, 0.475876, 0.528257, -0.703197, 0.622539, -0.256331, 0.848123, 0.463661, 0.427061, 0.0, 0.0, 0.0, 1.0],
                [0.841292, -0.040519, 0.539061, -0.005803, 0.475759, 0.528972, -0.702738, 0.622501, -0.256674, 0.847671, 0.464298, 0.426251, 0.0, 0.0, 0.0, 1.0],
                [0.841252, -0.04064, 0.539113, -0.005881, 0.475643, 0.529681, -0.702283, 0.622461, -0.257017, 0.847223, 0.464925, 0.42545, 0.0, 0.0, 0.0, 1.0],
                [0.841213, -0.040754, 0.539166, -0.005956, 0.475528, 0.530382, -0.701832, 0.622421, -0.257361, 0.846779, 0.465544, 0.424659, 0.0, 0.0, 0.0, 1.0],
                [0.841172, -0.040864, 0.539221, -0.006028, 0.475413, 0.531075, -0.701386, 0.62238, -0.257706, 0.846339, 0.466153, 0.423878, 0.0, 0.0, 0.0, 1.0],
                [0.841131, -0.040968, 0.539277, -0.006098, 0.475298, 0.531762, -0.700943, 0.622338, -0.258051, 0.845902, 0.466754, 0.423107, 0.0, 0.0, 0.0, 1.0],
                [0.841089, -0.041068, 0.539335, -0.006166, 0.475184, 0.532442, -0.700504, 0.622295, -0.258396, 0.84547, 0.467346, 0.422345, 0.0, 0.0, 0.0, 1.0],
                [0.841047, -0.041162, 0.539393, -0.006231, 0.47507, 0.533115, -0.700069, 0.622252, -0.258742, 0.845041, 0.46793, 0.421593, 0.0, 0.0, 0.0, 1.0],
                [0.841004, -0.041251, 0.539453, -0.006294, 0.474957, 0.533781, -0.699638, 0.622208, -0.259089, 0.844616, 0.468505, 0.420851, 0.0, 0.0, 0.0, 1.0],
                [0.840961, -0.041336, 0.539514, -0.006355, 0.474845, 0.53444, -0.699211, 0.622163, -0.259436, 0.844195, 0.469071, 0.420118, 0.0, 0.0, 0.0, 1.0],
                [0.840917, -0.041415, 0.539577, -0.006414, 0.474733, 0.535093, -0.698788, 0.622118, -0.259783, 0.843778, 0.46963, 0.419395, 0.0, 0.0, 0.0, 1.0],
                [0.840872, -0.04149, 0.539641, -0.00647, 0.474621, 0.535739, -0.698369, 0.622071, -0.260131, 0.843364, 0.47018, 0.418681, 0.0, 0.0, 0.0, 1.0],
                [0.840827, -0.04156, 0.539706, -0.006525, 0.47451, 0.536377, -0.697954, 0.622025, -0.260479, 0.842954, 0.470721, 0.417976, 0.0, 0.0, 0.0, 1.0],
                [0.840782, -0.041625, 0.539772, -0.006577, 0.4744, 0.53701, -0.697542, 0.621977, -0.260828, 0.842548, 0.471255, 0.417281, 0.0, 0.0, 0.0, 1.0],
                [0.840735, -0.041685, 0.539839, -0.006627, 0.47429, 0.537635, -0.697135, 0.621929, -0.261176, 0.842146, 0.47178, 0.416595, 0.0, 0.0, 0.0, 1.0],
                [0.840689, -0.041741, 0.539908, -0.006675, 0.47418, 0.538254, -0.696732, 0.62188, -0.261525, 0.841748, 0.472297, 0.415918, 0.0, 0.0, 0.0, 1.0],
                [0.840641, -0.041793, 0.539977, -0.006721, 0.474072, 0.538867, -0.696332, 0.621831, -0.261874, 0.841353, 0.472807, 0.41525, 0.0, 0.0, 0.0, 1.0],
                [0.840594, -0.04184, 0.540048, -0.006766, 0.473963, 0.539473, -0.695937, 0.621781, -0.262223, 0.840963, 0.473308, 0.414591, 0.0, 0.0, 0.0, 1.0],
                [0.840546, -0.041882, 0.540119, -0.006808, 0.473855, 0.540073, -0.695545, 0.621731, -0.262573, 0.840576, 0.473802, 0.413941, 0.0, 0.0, 0.0, 1.0],
                [0.840497, -0.04192, 0.540193, -0.006848, 0.473748, 0.540666, -0.695157, 0.62168, -0.262922, 0.840192, 0.474288, 0.4133, 0.0, 0.0, 0.0, 1.0],
                [0.840447, -0.041954, 0.540267, -0.006887, 0.473641, 0.541253, -0.694773, 0.621628, -0.263272, 0.839813, 0.474766, 0.412668, 0.0, 0.0, 0.0, 1.0],
                [0.840398, -0.041984, 0.540341, -0.006924, 0.473535, 0.541833, -0.694393, 0.621576, -0.263622, 0.839437, 0.475236, 0.412044, 0.0, 0.0, 0.0, 1.0],
                [0.840348, -0.04201, 0.540417, -0.006959, 0.473429, 0.542407, -0.694017, 0.621523, -0.263971, 0.839065, 0.475699, 0.41143, 0.0, 0.0, 0.0, 1.0],
                [0.840297, -0.042031, 0.540495, -0.006993, 0.473324, 0.542975, -0.693644, 0.62147, -0.264321, 0.838696, 0.476155, 0.410824, 0.0, 0.0, 0.0, 1.0],
                [0.840246, -0.042048, 0.540573, -0.007025, 0.473219, 0.543537, -0.693275, 0.621416, -0.26467, 0.838331, 0.476603, 0.410226, 0.0, 0.0, 0.0, 1.0],
                [0.840194, -0.042062, 0.540652, -0.007055, 0.473115, 0.544093, -0.692911, 0.621362, -0.26502, 0.83797, 0.477044, 0.409637, 0.0, 0.0, 0.0, 1.0],
                [0.840142, -0.042071, 0.540731, -0.007084, 0.473012, 0.544642, -0.69255, 0.621307, -0.265369, 0.837613, 0.477477, 0.409057, 0.0, 0.0, 0.0, 1.0],
                [0.84009, -0.042076, 0.540813, -0.007111, 0.472909, 0.545185, -0.692192, 0.621252, -0.265718, 0.837259, 0.477903, 0.408485, 0.0, 0.0, 0.0, 1.0],
                [0.840037, -0.042078, 0.540894, -0.007137, 0.472806, 0.545723, -0.691839, 0.621197, -0.266067, 0.836909, 0.478322, 0.407921, 0.0, 0.0, 0.0, 1.0],
                [0.839984, -0.042076, 0.540977, -0.007162, 0.472704, 0.546254, -0.691489, 0.62114, -0.266416, 0.836562, 0.478734, 0.407366, 0.0, 0.0, 0.0, 1.0],
                [0.839931, -0.04207, 0.541061, -0.007185, 0.472603, 0.546779, -0.691143, 0.621084, -0.266764, 0.836219, 0.479139, 0.406819, 0.0, 0.0, 0.0, 1.0],
                [0.839876, -0.042061, 0.541146, -0.007206, 0.472502, 0.547299, -0.690801, 0.621027, -0.267113, 0.83588, 0.479537, 0.40628, 0.0, 0.0, 0.0, 1.0],
                [0.839822, -0.042047, 0.541231, -0.007226, 0.472402, 0.547812, -0.690462, 0.62097, -0.26746, 0.835544, 0.479928, 0.405749, 0.0, 0.0, 0.0, 1.0],
                [0.839767, -0.042031, 0.541317, -0.007246, 0.472302, 0.548319, -0.690128, 0.620912, -0.267808, 0.835212, 0.480312, 0.405226, 0.0, 0.0, 0.0, 1.0],
                [0.839712, -0.042011, 0.541404, -0.007263, 0.472203, 0.548821, -0.689797, 0.620854, -0.268155, 0.834884, 0.480689, 0.404711, 0.0, 0.0, 0.0, 1.0],
                [0.839657, -0.041987, 0.541492, -0.00728, 0.472105, 0.549317, -0.689469, 0.620795, -0.268502, 0.834558, 0.48106, 0.404204, 0.0, 0.0, 0.0, 1.0],
                [0.839601, -0.04196, 0.54158, -0.007295, 0.472007, 0.549807, -0.689146, 0.620736, -0.268848, 0.834237, 0.481424, 0.403705, 0.0, 0.0, 0.0, 1.0],
                [0.839545, -0.04193, 0.54167, -0.00731, 0.47191, 0.550292, -0.688825, 0.620677, -0.269194, 0.833919, 0.481782, 0.403214, 0.0, 0.0, 0.0, 1.0],
                [0.839489, -0.041896, 0.541759, -0.007323, 0.471813, 0.55077, -0.688509, 0.620618, -0.269539, 0.833605, 0.482133, 0.40273, 0.0, 0.0, 0.0, 1.0],
                [0.839432, -0.041859, 0.54185, -0.007335, 0.471717, 0.551243, -0.688196, 0.620558, -0.269884, 0.833294, 0.482477, 0.402254, 0.0, 0.0, 0.0, 1.0],
                [0.839375, -0.041819, 0.541942, -0.007347, 0.471621, 0.551711, -0.687887, 0.620498, -0.270228, 0.832986, 0.482815, 0.401786, 0.0, 0.0, 0.0, 1.0],
                [0.839318, -0.041776, 0.542034, -0.007357, 0.471526, 0.552173, -0.687582, 0.620437, -0.270572, 0.832683, 0.483147, 0.401325, 0.0, 0.0, 0.0, 1.0],
                [0.83926, -0.04173, 0.542127, -0.007367, 0.471432, 0.552629, -0.687279, 0.620377, -0.270914, 0.832382, 0.483473, 0.400872, 0.0, 0.0, 0.0, 1.0],
                [0.839202, -0.041681, 0.54222, -0.007375, 0.471338, 0.55308, -0.686981, 0.620316, -0.271257, 0.832085, 0.483792, 0.400426, 0.0, 0.0, 0.0, 1.0],
                [0.839144, -0.041629, 0.542314, -0.007383, 0.471245, 0.553525, -0.686686, 0.620254, -0.271598, 0.831791, 0.484105, 0.399988, 0.0, 0.0, 0.0, 1.0],
                [0.839086, -0.041575, 0.542408, -0.00739, 0.471152, 0.553965, -0.686395, 0.620193, -0.271939, 0.831501, 0.484412, 0.399557, 0.0, 0.0, 0.0, 1.0],
                [0.839027, -0.041517, 0.542503, -0.007396, 0.47106, 0.5544, -0.686107, 0.620131, -0.272279, 0.831214, 0.484713, 0.399133, 0.0, 0.0, 0.0, 1.0],
                [0.838968, -0.041456, 0.542599, -0.007402, 0.470969, 0.554829, -0.685823, 0.620069, -0.272618, 0.830931, 0.485008, 0.398716, 0.0, 0.0, 0.0, 1.0],
                [0.838909, -0.041393, 0.542695, -0.007407, 0.470878, 0.555253, -0.685542, 0.620007, -0.272956, 0.830651, 0.485298, 0.398307, 0.0, 0.0, 0.0, 1.0],
                [0.83885, -0.041327, 0.542792, -0.007411, 0.470788, 0.555671, -0.685265, 0.619945, -0.273294, 0.830374, 0.485581, 0.397904, 0.0, 0.0, 0.0, 1.0],
                [0.83879, -0.041259, 0.542889, -0.007415, 0.470699, 0.556084, -0.684991, 0.619882, -0.27363, 0.830101, 0.485859, 0.397509, 0.0, 0.0, 0.0, 1.0],
                [0.838731, -0.041188, 0.542987, -0.007418, 0.47061, 0.556492, -0.684721, 0.61982, -0.273966, 0.829831, 0.48613, 0.39712, 0.0, 0.0, 0.0, 1.0],
                [0.838671, -0.041114, 0.543085, -0.007421, 0.470522, 0.556895, -0.684454, 0.619757, -0.2743, 0.829565, 0.486397, 0.396739, 0.0, 0.0, 0.0, 1.0],
                [0.838611, -0.041039, 0.543183, -0.007423, 0.470434, 0.557292, -0.684191, 0.619694, -0.274633, 0.829302, 0.486657, 0.396364, 0.0, 0.0, 0.0, 1.0],
                [0.838551, -0.04096, 0.543282, -0.007425, 0.470347, 0.557685, -0.683931, 0.619631, -0.274966, 0.829042, 0.486913, 0.395996, 0.0, 0.0, 0.0, 1.0],
                [0.83849, -0.04088, 0.543381, -0.007426, 0.470261, 0.558072, -0.683674, 0.619568, -0.275297, 0.828785, 0.487162, 0.395634, 0.0, 0.0, 0.0, 1.0],
                [0.83843, -0.040797, 0.54348, -0.007427, 0.470175, 0.558455, -0.683421, 0.619504, -0.275628, 0.828531, 0.487407, 0.395279, 0.0, 0.0, 0.0, 1.0],
                [0.838369, -0.040712, 0.54358, -0.007428, 0.47009, 0.558832, -0.683171, 0.619441, -0.275957, 0.828281, 0.487646, 0.394931, 0.0, 0.0, 0.0, 1.0],
                [0.838309, -0.040625, 0.54368, -0.007429, 0.470006, 0.559204, -0.682924, 0.619377, -0.276285, 0.828034, 0.487879, 0.39459, 0.0, 0.0, 0.0, 1.0],
                [0.838248, -0.040535, 0.543781, -0.007429, 0.469922, 0.559571, -0.682681, 0.619314, -0.276611, 0.82779, 0.488108, 0.394254, 0.0, 0.0, 0.0, 1.0],
                [0.838187, -0.040444, 0.543881, -0.00743, 0.469839, 0.559933, -0.682441, 0.61925, -0.276937, 0.82755, 0.488331, 0.393925, 0.0, 0.0, 0.0, 1.0],
                [0.838126, -0.040351, 0.543982, -0.00743, 0.469757, 0.56029, -0.682205, 0.619187, -0.277261, 0.827313, 0.488549, 0.393603, 0.0, 0.0, 0.0, 1.0],
                [0.838065, -0.040255, 0.544083, -0.00743, 0.469675, 0.560643, -0.681971, 0.619123, -0.277583, 0.827079, 0.488762, 0.393287, 0.0, 0.0, 0.0, 1.0],
                [0.838004, -0.040158, 0.544185, -0.00743, 0.469594, 0.560991, -0.681741, 0.619059, -0.277905, 0.826848, 0.48897, 0.392977, 0.0, 0.0, 0.0, 1.0],
                [0.837943, -0.040059, 0.544286, -0.00743, 0.469514, 0.561333, -0.681514, 0.618996, -0.278225, 0.82662, 0.489174, 0.392673, 0.0, 0.0, 0.0, 1.0],
                [0.837881, -0.039959, 0.544388, -0.00743, 0.469434, 0.561671, -0.681291, 0.618932, -0.278543, 0.826395, 0.489372, 0.392375, 0.0, 0.0, 0.0, 1.0],
                [0.83782, -0.039856, 0.544489, -0.00743, 0.469355, 0.562004, -0.68107, 0.618868, -0.278861, 0.826173, 0.489565, 0.392083, 0.0, 0.0, 0.0, 1.0],
                [0.837759, -0.039752, 0.544591, -0.00743, 0.469277, 0.562333, -0.680853, 0.618805, -0.279176, 0.825955, 0.489754, 0.391797, 0.0, 0.0, 0.0, 1.0],
                [0.837698, -0.039646, 0.544693, -0.007431, 0.469199, 0.562656, -0.680639, 0.618741, -0.27949, 0.82574, 0.489938, 0.391517, 0.0, 0.0, 0.0, 1.0],
                [0.837637, -0.039539, 0.544795, -0.007431, 0.469122, 0.562975, -0.680429, 0.618678, -0.279803, 0.825527, 0.490118, 0.391243, 0.0, 0.0, 0.0, 1.0],
                [0.837575, -0.039431, 0.544897, -0.007432, 0.469046, 0.56329, -0.680221, 0.618614, -0.280114, 0.825318, 0.490292, 0.390974, 0.0, 0.0, 0.0, 1.0],
                [0.837514, -0.03932, 0.544999, -0.007433, 0.46897, 0.5636, -0.680016, 0.618551, -0.280423, 0.825112, 0.490463, 0.390712, 0.0, 0.0, 0.0, 1.0],
                [0.837453, -0.039209, 0.545101, -0.007435, 0.468895, 0.563905, -0.679815, 0.618488, -0.28073, 0.824908, 0.490629, 0.390455, 0.0, 0.0, 0.0, 1.0],
                [0.837392, -0.039096, 0.545203, -0.007437, 0.468821, 0.564205, -0.679617, 0.618425, -0.281036, 0.824708, 0.49079, 0.390203, 0.0, 0.0, 0.0, 1.0],
                [0.837331, -0.038982, 0.545305, -0.007439, 0.468748, 0.564501, -0.679422, 0.618362, -0.28134, 0.824511, 0.490947, 0.389957, 0.0, 0.0, 0.0, 1.0],
                [0.83727, -0.038866, 0.545406, -0.007442, 0.468675, 0.564793, -0.679229, 0.618299, -0.281642, 0.824317, 0.4911, 0.389717, 0.0, 0.0, 0.0, 1.0],
                [0.837209, -0.03875, 0.545508, -0.007445, 0.468603, 0.56508, -0.67904, 0.618236, -0.281943, 0.824125, 0.491249, 0.389482, 0.0, 0.0, 0.0, 1.0],
                [0.837149, -0.038632, 0.545609, -0.007448, 0.468532, 0.565363, -0.678854, 0.618174, -0.282242, 0.823937, 0.491393, 0.389252, 0.0, 0.0, 0.0, 1.0],
                [0.837088, -0.038514, 0.545711, -0.007453, 0.468461, 0.565641, -0.678671, 0.618111, -0.282538, 0.823752, 0.491534, 0.389028, 0.0, 0.0, 0.0, 1.0],
                [0.837028, -0.038394, 0.545812, -0.007458, 0.468391, 0.565915, -0.678491, 0.618049, -0.282833, 0.823569, 0.49167, 0.388809, 0.0, 0.0, 0.0, 1.0],
                [0.836967, -0.038274, 0.545913, -0.007463, 0.468322, 0.566184, -0.678314, 0.617987, -0.283126, 0.823389, 0.491802, 0.388594, 0.0, 0.0, 0.0, 1.0],
                [0.836907, -0.038152, 0.546013, -0.00747, 0.468253, 0.56645, -0.67814, 0.617926, -0.283417, 0.823213, 0.491931, 0.388386, 0.0, 0.0, 0.0, 1.0],
                [0.836847, -0.03803, 0.546114, -0.007477, 0.468186, 0.566711, -0.677968, 0.617864, -0.283706, 0.823039, 0.492055, 0.388182, 0.0, 0.0, 0.0, 1.0],
                [0.836788, -0.037907, 0.546214, -0.007484, 0.468119, 0.566967, -0.6778, 0.617803, -0.283992, 0.822868, 0.492176, 0.387983, 0.0, 0.0, 0.0, 1.0],
                [0.836728, -0.037783, 0.546314, -0.007493, 0.468053, 0.56722, -0.677635, 0.617742, -0.284277, 0.822699, 0.492293, 0.387789, 0.0, 0.0, 0.0, 1.0],
                [0.836669, -0.037659, 0.546413, -0.007502, 0.467987, 0.567468, -0.677472, 0.617681, -0.284559, 0.822534, 0.492406, 0.387599, 0.0, 0.0, 0.0, 1.0],
                [0.836609, -0.037534, 0.546513, -0.007513, 0.467922, 0.567712, -0.677312, 0.617621, -0.28484, 0.822371, 0.492516, 0.387415, 0.0, 0.0, 0.0, 1.0],
                [0.83655, -0.037408, 0.546611, -0.007524, 0.467858, 0.567952, -0.677155, 0.617561, -0.285118, 0.822211, 0.492622, 0.387235, 0.0, 0.0, 0.0, 1.0],
                [0.836492, -0.037282, 0.54671, -0.007536, 0.467795, 0.568187, -0.677002, 0.617501, -0.285394, 0.822054, 0.492724, 0.38706, 0.0, 0.0, 0.0, 1.0],
                [0.836433, -0.037155, 0.546808, -0.00755, 0.467732, 0.568419, -0.67685, 0.617441, -0.285667, 0.8219, 0.492823, 0.38689, 0.0, 0.0, 0.0, 1.0],
                [0.836375, -0.037029, 0.546905, -0.007564, 0.467671, 0.568646, -0.676702, 0.617382, -0.285938, 0.821748, 0.492919, 0.386724, 0.0, 0.0, 0.0, 1.0],
                [0.836317, -0.036901, 0.547003, -0.00758, 0.46761, 0.56887, -0.676556, 0.617323, -0.286207, 0.821599, 0.493011, 0.386563, 0.0, 0.0, 0.0, 1.0],
                [0.83626, -0.036774, 0.547099, -0.007596, 0.46755, 0.569089, -0.676413, 0.617265, -0.286474, 0.821453, 0.4931, 0.386406, 0.0, 0.0, 0.0, 1.0],
                [0.836202, -0.036646, 0.547195, -0.007614, 0.46749, 0.569305, -0.676273, 0.617207, -0.286738, 0.821309, 0.493186, 0.386253, 0.0, 0.0, 0.0, 1.0],
                [0.836145, -0.036519, 0.547291, -0.007633, 0.467432, 0.569516, -0.676135, 0.617149, -0.287, 0.821168, 0.493268, 0.386105, 0.0, 0.0, 0.0, 1.0],
                [0.836089, -0.036391, 0.547386, -0.007653, 0.467374, 0.569724, -0.676001, 0.617091, -0.287259, 0.82103, 0.493348, 0.385961, 0.0, 0.0, 0.0, 1.0],
                [0.836032, -0.036263, 0.54748, -0.007675, 0.467316, 0.569927, -0.675868, 0.617035, -0.287515, 0.820894, 0.493424, 0.385821, 0.0, 0.0, 0.0, 1.0],
                [0.835977, -0.036135, 0.547574, -0.007698, 0.46726, 0.570127, -0.675739, 0.616978, -0.287769, 0.820761, 0.493497, 0.385685, 0.0, 0.0, 0.0, 1.0],
                [0.835921, -0.036007, 0.547667, -0.007722, 0.467205, 0.570323, -0.675612, 0.616922, -0.288021, 0.820631, 0.493567, 0.385554, 0.0, 0.0, 0.0, 1.0],
                [0.835866, -0.035879, 0.54776, -0.007748, 0.46715, 0.570515, -0.675488, 0.616866, -0.28827, 0.820503, 0.493635, 0.385426, 0.0, 0.0, 0.0, 1.0],
                [0.835811, -0.035751, 0.547852, -0.007775, 0.467096, 0.570703, -0.675366, 0.616811, -0.288516, 0.820378, 0.4937, 0.385302, 0.0, 0.0, 0.0, 1.0],
                [0.835757, -0.035624, 0.547943, -0.007804, 0.467043, 0.570888, -0.675247, 0.616756, -0.288759, 0.820255, 0.493762, 0.385182, 0.0, 0.0, 0.0, 1.0],
                [0.835703, -0.035497, 0.548033, -0.007835, 0.46699, 0.571069, -0.67513, 0.616702, -0.289, 0.820134, 0.493821, 0.385066, 0.0, 0.0, 0.0, 1.0],
                [0.83565, -0.03537, 0.548123, -0.007866, 0.466938, 0.571246, -0.675016, 0.616648, -0.289237, 0.820017, 0.493877, 0.384954, 0.0, 0.0, 0.0, 1.0],
