{
    "animation": [
        {
            "name": "Root",
            "time": [0.0, 0.3, 0.35, 0.4, 0.45, 0.5, 0.74, 0.75, 0.79, 0.8, 0.84, 0.85, 0.89, 0.9, 0.94, 0.95, 2.95, 3.03, 3.15],
            "transform": [
                [0.994801, -0.004577, -0.10174, 0.006964, -0.10176, -0.004349, -0.994799, 0.024774, 0.00411, 0.99998, -0.004792, 0.751244, 0.0, 0.0, 0.0, 1.0],
                [0.881614, -0.016815, 0.471672, 0.007696, 0.422326, 0.474265, -0.772472, -0.040783, -0.210709, 0.880222, 0.42522, 0.465404, 0.0, 0.0, 0.0, 1.0],
                [0.842238, -0.031417, 0.538189, 0.071523, 0.480531, 0.496297, -0.723035, 2.120642, -0.244386, 0.867584, 0.433097, 0.440956, 0.0, 0.0, 0.0, 1.0],
                [0.824046, -0.019336, 0.566192, 0.017235, 0.51303, 0.449403, -0.731326, 3.348399, -0.240308, 0.89312, 0.380248, 0.449972, 0.0, 0.0, 0.0, 1.0],
                [0.984133, 0.047502, 0.170958, 0.021655, 0.158219, 0.201164, -0.966695, 3.766611, -0.08031, 0.978405, 0.190456, 0.542481, 0.0, 0.0, 0.0, 1.0],
                [0.92105, 0.001339, -0.389442, 0.027934, -0.389418, 0.014863, -0.920941, 4.122535, 0.004555, 0.999889, 0.014211, 0.598606, 0.0, 0.0, 0.0, 1.0],
                [0.651759, -0.016727, -0.758241, 0.070559, -0.757943, 0.021313, -0.651973, 4.395198, 0.027066, 0.999633, 0.001213, 0.583453, 0.0, 0.0, 0.0, 1.0],
                [0.760451, -0.007546, 0.649351, -0.09793, 0.639981, 0.178354, -0.747405, 2.745265, -0.110175, 0.983937, 0.140459, 0.565799, 0.0, 0.0, 0.0, 1.0],
                [0.952325, -0.051047, 0.300785, -0.09793, 0.304929, 0.190887, -0.933049, 2.745265, -0.009787, 0.980284, 0.197352, 0.565799, 0.0, 0.0, 0.0, 1.0],
                [-0.947575, 0.161352, -0.275805, 0.066405, -0.303781, -0.187215, 0.934167, -2.693641, 0.099095, 0.968977, 0.226416, 0.556942, 0.0, 0.0, 0.0, 1.0],
                [-0.450759, 0.126631, -0.883618, 0.066405, -0.865393, -0.304723, 0.397792, -2.693641, -0.218886, 0.943986, 0.246942, 0.556942, 0.0, 0.0, 0.0, 1.0],
                [-0.878743, -0.229913, 0.418271, -2.300296, 0.439907, -0.05013, 0.896643, 0.078605, -0.185182, 0.971919, 0.145192, 0.742562, 0.0, 0.0, 0.0, 1.0],
                [-0.129032, -0.250883, 0.959379, -2.224571, 0.961644, 0.204497, 0.182814, -0.05996, -0.242055, 0.946171, 0.214873, 0.75624, 0.0, 0.0, 0.0, 1.0],
                [-0.496598, 0.284534, -0.820019, 2.062433, -0.867592, -0.19099, 0.459137, 0.158129, -0.025975, 0.939448, 0.341704, 0.472393, 0.0, 0.0, 0.0, 1.0],
                [0.628199, 0.344646, -0.697556, 2.068526, -0.736918, -0.024096, -0.675552, 0.002228, -0.249635, 0.938423, 0.238839, 0.53178, 0.0, 0.0, 0.0, 1.0],
                [0.842238, -0.031417, 0.538189, -0.000606, 0.480531, 0.496297, -0.723035, 0.623304, -0.244386, 0.867584, 0.433097, 0.46461, 0.0, 0.0, 0.0, 1.0],
                [0.833796, -0.030547, 0.551227, -0.014254, 0.465377, 0.576037, -0.672016, 0.614815, -0.296999, 0.816853, 0.494513, 0.382743, 0.0, 0.0, 0.0, 1.0],
                [0.92105, 0.001339, -0.389442, 0.012218, -0.389418, 0.014863, -0.920941, 3.614225, 0.004555, 0.999889, 0.014211, 0.603208, 0.0, 0.0, 0.0, 1.0],
                [0.651759, -0.016727, -0.758241, 0.01168, -0.757943, 0.021313, -0.651973, 3.858337, 0.027066, 0.999633, 0.001213, 0.588967, 0.0, 0.0, 0.0, 1.0]
            ]
        },
        {
            "name": "Thigh_R",
            "time": [0.0, 0.3, 0.35, 0.4, 0.45, 0.5, 0.74, 0.75, 0.79, 0.8, 0.84, 0.85, 0.89, 0.9, 0.94, 0.95, 2.95, 3.03, 3.15],
            "transform": [
                [0.998989, 0.028415, -0.03485, 0.124994, 0.033364, -0.987994, 0.150842, -0.002831, -0.030145, -0.151852, -0.987944, -1.2e-05, 0.0, 0.0, 0.0, 1.0],
                [0.764965, 0.598424, -0.238155, 0.124994, 0.224871, 0.098345, 0.969413, -0.002831, 0.603542, -0.79512, -0.059338, -1.2e-05, 0.0, 0.0, 0.0, 1.0],
                [0.77754, 0.620458, -0.102285, 0.124994, -0.022377, 0.189855, 0.981557, -0.002831, 0.628435, -0.760911, 0.161504, -1.2e-05, 0.0, 0.0, 0.0, 1.0],
                [0.730059, 0.55535, 0.398246, 0.124994, 0.043943, -0.619698, 0.783609, -0.002831, 0.681971, -0.55458, -0.47682, -1.2e-05, 0.0, 0.0, 0.0, 1.0],
                [0.953841, 0.25976, 0.150704, 0.124994, 0.190576, -0.911401, 0.364729, -0.002831, 0.232094, -0.319172, -0.918837, -1.2e-05, 0.0, 0.0, 0.0, 1.0],
                [0.892853, 0.197492, -0.404735, 0.124994, 0.208681, -0.977839, -0.016786, -0.002831, -0.399082, -0.069473, -0.91428, -1.2e-05, 0.0, 0.0, 0.0, 1.0],
                [0.624924, 0.072691, -0.777294, 0.124993, 0.268812, -0.954805, 0.126826, -0.002831, -0.732947, -0.288202, -0.616221, -1.2e-05, 0.0, 0.0, 0.0, 1.0],
                [0.870388, -0.015643, 0.492118, 0.124994, 0.179777, -0.92039, -0.34722, -0.002831, 0.458372, 0.390687, -0.798285, -1.2e-05, 0.0, 0.0, 0.0, 1.0],
                [0.991037, 0.095721, 0.093182, 0.124994, 0.110443, -0.979508, -0.168416, -0.002831, 0.075152, 0.177198, -0.981302, -1.2e-05, 0.0, 0.0, 0.0, 1.0],
                [0.993955, 0.099366, 0.046709, 0.124994, 0.105357, -0.982905, -0.150983, -0.002831, 0.030908, 0.154991, -0.987432, -1.2e-05, 0.0, 0.0, 0.0, 1.0],
                [0.57342, -0.14801, 0.805781, 0.124994, 0.263862, -0.897771, -0.352679, -0.002831, 0.775608, 0.414848, -0.475746, -1.2e-05, 0.0, 0.0, 0.0, 1.0],
                [0.57342, -0.148006, 0.805782, 0.124993, 0.263862, -0.897772, -0.352675, -0.002831, 0.775608, 0.414846, -0.475747, -1.2e-05, 0.0, 0.0, 0.0, 1.0],
                [0.747347, 0.663852, 0.027779, 0.124994, 0.657078, -0.74463, 0.117361, -0.002831, 0.098596, -0.069457, -0.992701, -1.2e-05, 0.0, 0.0, 0.0, 1.0],
                [0.653049, 0.450589, -0.608683, 0.124994, 0.645228, -0.751844, 0.135689, -0.002831, -0.396496, -0.48135, -0.781725, -1.2e-05, 0.0, 0.0, 0.0, 1.0],
                [0.826425, 0.114858, 0.551208, 0.124994, 0.240988, -0.956926, -0.161911, -0.002831, 0.50887, 0.266642, -0.818507, -1.2e-05, 0.0, 0.0, 0.0, 1.0],
                [0.777541, 0.620458, -0.102285, 0.124994, -0.022377, 0.189856, 0.981557, -0.002831, 0.628435, -0.76091, 0.161504, -1.2e-05, 0.0, 0.0, 0.0, 1.0],
                [0.697145, 0.596197, -0.398168, 0.124994, 0.083574, 0.48401, 0.871062, -0.002831, 0.712043, -0.640532, 0.287599, -1.2e-05, 0.0, 0.0, 0.0, 1.0],
                [0.892853, 0.197492, -0.404735, 0.124994, 0.208681, -0.977839, -0.016785, -0.002831, -0.399081, -0.069474, -0.91428, -1.2e-05, 0.0, 0.0, 0.0, 1.0],
                [0.624924, 0.07269, -0.777294, 0.124994, 0.268811, -0.954805, 0.126826, -0.002831, -0.732947, -0.288202, -0.616221, -1.2e-05, 0.0, 0.0, 0.0, 1.0]
            ]
        },
        {
            "name": "Leg_R",
            "time": [0.0, 0.35, 0.4, 0.45, 0.5, 0.74, 0.75, 0.79, 0.8, 0.84, 0.85, 0.89, 0.9, 0.94, 0.95, 2.95, 3.03, 3.15],
            "transform": [
                [1.0, -0.0, 1e-06, 0.0, -0.0, 0.945594, 0.325362, 0.374726, -1e-06, -0.325365, 0.945583, 0.0, 0.0, 0.0, 0.0, 1.0],
                [1.000001, -1e-06, 0.0, -0.0, -0.0, -0.236757, 0.971565, 0.374726, -1e-06, -0.971574, -0.236754, 0.0, 0.0, 0.0, 0.0, 1.0],
                [1.0, -1e-06, 0.0, -0.0, -0.0, -0.184385, 0.982849, 0.374726, -1e-06, -0.982859, -0.184383, 0.0, 0.0, 0.0, 0.0, 1.0],
                [1.000001, -1e-06, 0.0, -0.0, -0.0, 0.208482, 0.978021, 0.374726, -1e-06, -0.978031, 0.20848, 0.0, 0.0, 0.0, 0.0, 1.0],
                [1.000001, -1e-06, 1e-06, 0.0, -0.0, 0.523414, 0.852076, 0.374726, -1e-06, -0.852084, 0.523408, 0.0, 0.0, 0.0, 0.0, 1.0],
                [1.0, -1e-06, 1e-06, -0.0, -0.0, 0.447171, 0.894445, 0.374726, -1e-06, -0.894454, 0.447165, -0.0, 0.0, 0.0, 0.0, 1.0],
                [1.0, -0.0, 1e-06, 0.0, -0.0, 0.896536, 0.442977, 0.374726, -1e-06, -0.442982, 0.896526, 1e-06, 0.0, 0.0, 0.0, 1.0],
                [1.0, -0.0, 1e-06, 0.0, -0.0, 0.776498, 0.630121, 0.374726, -1e-06, -0.630128, 0.776489, 0.0, 0.0, 0.0, 0.0, 1.0],
                [1.0, -1e-06, 1e-06, 0.0, -0.0, 0.765133, 0.643874, 0.374726, -1e-06, -0.64388, 0.765124, 0.0, 0.0, 0.0, 0.0, 1.0],
                [1.0, -0.0, 1e-06, -0.0, -0.0, 0.972798, 0.231678, 0.374726, -1e-06, -0.23168, 0.972787, 0.0, 0.0, 0.0, 0.0, 1.0],
                [1.0, -0.0, 1e-06, 0.0, -0.0, 0.972796, 0.231686, 0.374726, -1e-06, -0.231688, 0.972784, 0.0, 0.0, 0.0, 0.0, 1.0],
                [1.0, -0.0, 1e-06, 0.0, -0.0, 0.718035, 0.696008, 0.374726, -1e-06, -0.696015, 0.718027, 0.0, 0.0, 0.0, 0.0, 1.0],
                [1.0, -1e-06, 1e-06, 0.0, -0.0, 0.690953, 0.722899, 0.374726, -1e-06, -0.722907, 0.690945, 0.0, 0.0, 0.0, 0.0, 1.0],
                [1.0, -0.0, 1e-06, 0.0, -0.0, 0.929649, 0.368457, 0.374726, -1e-06, -0.368461, 0.929638, -0.0, 0.0, 0.0, 0.0, 1.0],
                [1.000001, -1e-06, 0.0, -0.0, -0.0, -0.236757, 0.971564, 0.374726, -1e-06, -0.971574, -0.236754, 0.0, 0.0, 0.0, 0.0, 1.0],
                [1.0, -1e-06, 0.0, -0.0, -0.0, -0.152268, 0.988334, 0.374726, -1e-06, -0.988344, -0.152266, 0.0, 0.0, 0.0, 0.0, 1.0],
                [1.000001, -1e-06, 1e-06, -0.0, -0.0, 0.523414, 0.852076, 0.374726, -1e-06, -0.852085, 0.523407, 0.0, 0.0, 0.0, 0.0, 1.0],
                [1.0, -1e-06, 1e-06, -0.0, -0.0, 0.44717, 0.894446, 0.374726, -1e-06, -0.894455, 0.447164, -0.0, 0.0, 0.0, 0.0, 1.0]
            ]
        },
        {
            "name": "Knee_R",
            "time": [0.0, 3.15],
            "transform": [
                [1.0, 0.0, -0.0, -0.0, -0.0, 0.00567, -0.999984, 0.374726, -0.0, 0.999984, 0.00567, -0.0, 0.0, 0.0, 0.0, 1.0],
                [1.0, 0.0, -0.0, 0.0, -0.0, 0.00567, -0.999984, 0.434837, -0.0, 0.999984, 0.00567, -0.000341, 0.0, 0.0, 0.0, 1.0]
            ]
        },
        {
            "name": "Thigh_L",
            "time": [0.0, 0.3, 0.35, 0.4, 0.45, 0.5, 0.74, 0.75, 0.79, 0.8, 0.84, 0.85, 0.89, 0.9, 0.94, 0.95, 2.95, 3.03, 3.15],
            "transform": [
                [0.996921, -0.07393, -0.026117, -0.125006, -0.067629, -0.979315, 0.190705, -0.002831, -0.039675, -0.188351, -0.981299, -1.2e-05, 0.0, 0.0, 0.0, 1.0],
                [0.875318, -0.024771, 0.482914, -0.125006, -0.112601, -0.981674, 0.153741, -0.002831, 0.470256, -0.188949, -0.862065, -1.2e-05, 0.0, 0.0, 0.0, 1.0],
                [0.818731, -0.026515, 0.573565, -0.125006, -0.106346, -0.988652, 0.106097, -0.002831, 0.564244, -0.147861, -0.812259, -1.2e-05, 0.0, 0.0, 0.0, 1.0],
                [0.856787, -0.210185, 0.470891, -0.125006, -0.118113, -0.968875, -0.217557, -0.002831, 0.501962, 0.130781, -0.854945, -1.2e-05, 0.0, 0.0, 0.0, 1.0],
                [0.990263, 0.086575, 0.109014, -0.125006, -0.028223, -0.641972, 0.766208, -0.002831, 0.136318, -0.761825, -0.633277, -1.2e-05, 0.0, 0.0, 0.0, 1.0],
                [0.903052, -0.368788, -0.220209, -0.125006, -0.092856, -0.668165, 0.738195, -0.002831, -0.419374, -0.646182, -0.637632, -1.2e-05, 0.0, 0.0, 0.0, 1.0],
                [0.590102, -0.64025, -0.491792, -0.125007, -0.149013, -0.68507, 0.713073, -0.002831, -0.793457, -0.347503, -0.499667, -1.2e-05, 0.0, 0.0, 0.0, 1.0],
                [0.685461, 0.416631, 0.597128, -0.125006, -0.354419, -0.525468, 0.773479, -0.002831, 0.636027, -0.741824, -0.212525, -1.2e-05, 0.0, 0.0, 0.0, 1.0],
                [0.864516, 0.117461, 0.488687, -0.125006, -0.369862, -0.509673, 0.776811, -0.002831, 0.340316, -0.852312, -0.397176, -1.2e-05, 0.0, 0.0, 0.0, 1.0],
                [0.877206, 0.07959, 0.47347, -0.125006, -0.37238, -0.509694, 0.775593, -0.002831, 0.303054, -0.856667, -0.417469, -1.2e-05, 0.0, 0.0, 0.0, 1.0],
                [0.467169, 0.648299, 0.601216, -0.125006, -0.392709, -0.457085, 0.79803, -0.002831, 0.79217, -0.608918, 0.041057, -1.2e-05, 0.0, 0.0, 0.0, 1.0],
                [0.467168, 0.648299, 0.601216, -0.125007, -0.392709, -0.457085, 0.79803, -0.002831, 0.79217, -0.608918, 0.041057, -1.2e-05, 0.0, 0.0, 0.0, 1.0],
                [0.928152, 0.351345, 0.122842, -0.125006, 0.039161, -0.420395, 0.906495, -0.002831, 0.370135, -0.836555, -0.403949, -1.2e-05, 0.0, 0.0, 0.0, 1.0],
                [0.972434, -0.181188, -0.146773, -0.125006, 0.036456, -0.503572, 0.863183, -0.002831, -0.230309, -0.84474, -0.483086, -1.2e-05, 0.0, 0.0, 0.0, 1.0],
                [0.716244, -0.187356, 0.672229, -0.125006, -0.250365, -0.968147, -0.003073, -0.002831, 0.651393, -0.166102, -0.740336, -1.2e-05, 0.0, 0.0, 0.0, 1.0],
                [0.818731, -0.026516, 0.573565, -0.125006, -0.106346, -0.988652, 0.106098, -0.002831, 0.564244, -0.147862, -0.81226, -1.2e-05, 0.0, 0.0, 0.0, 1.0],
                [0.801406, 0.034038, 0.597152, -0.125006, -0.086132, -0.981406, 0.171535, -0.002831, 0.591887, -0.188904, -0.783572, -1.2e-05, 0.0, 0.0, 0.0, 1.0],
                [0.903052, -0.368788, -0.220209, -0.125006, -0.092856, -0.668165, 0.738195, -0.002831, -0.419374, -0.646181, -0.637632, -1.2e-05, 0.0, 0.0, 0.0, 1.0],
                [0.590102, -0.64025, -0.491791, -0.125006, -0.149013, -0.68507, 0.713073, -0.002831, -0.793457, -0.347503, -0.499667, -1.2e-05, 0.0, 0.0, 0.0, 1.0]
            ]
        },
        {
            "name": "Leg_L",
            "time": [0.0, 0.35, 0.4, 0.45, 0.5, 0.74, 0.75, 0.79, 0.8, 0.84, 0.85, 0.89, 0.9, 0.94, 0.95, 2.95, 3.03, 3.15],
            "transform": [
                [1.000001, -0.0, 1e-06, 0.0, -0.0, 0.948344, 0.317242, 0.374726, -1e-06, -0.317241, 0.948346, 0.0, 0.0, 0.0, 0.0, 1.0],
                [1.000001, -1e-06, 1e-06, -0.0, -0.0, 0.713566, 0.700587, 0.374726, -1e-06, -0.700586, 0.713568, -0.0, 0.0, 0.0, 0.0, 1.0],
                [1.000001, -0.0, 1e-06, 0.0, -0.0, 0.961874, 0.273489, 0.374726, -1e-06, -0.273488, 0.961876, -0.0, 0.0, 0.0, 0.0, 1.0],
                [1.000001, -1e-06, 0.0, -0.0, -0.0, 0.06907, 0.997612, 0.374726, -1e-06, -0.997611, 0.06907, 0.0, 0.0, 0.0, 0.0, 1.0],
                [1.000001, -1e-06, 0.0, 0.0, -0.0, 0.250031, 0.968238, 0.374726, -1e-06, -0.968237, 0.250031, 0.0, 0.0, 0.0, 0.0, 1.0],
                [1.000001, -1e-06, 0.0, -0.0, -0.0, 0.238425, 0.971161, 0.374726, -1e-06, -0.971161, 0.238425, 1e-06, 0.0, 0.0, 0.0, 1.0],
                [1.000001, -1e-06, 1e-06, 0.0, -0.0, 0.462669, 0.886531, 0.374726, -1e-06, -0.88653, 0.46267, 0.0, 0.0, 0.0, 0.0, 1.0],
                [1.000001, -1e-06, 1e-06, 0.0, -0.0, 0.335086, 0.942188, 0.374726, -1e-06, -0.942187, 0.335087, -0.0, 0.0, 0.0, 0.0, 1.0],
                [1.000001, -1e-06, 1e-06, 0.0, -0.0, 0.321975, 0.946749, 0.374726, -1e-06, -0.946747, 0.321976, 0.0, 0.0, 0.0, 0.0, 1.0],
                [1.000001, -1e-06, 1e-06, -0.0, -0.0, 0.635417, 0.772169, 0.374726, -1e-06, -0.772168, 0.635418, -0.0, 0.0, 0.0, 0.0, 1.0],
                [1.000001, -1e-06, 1e-06, 0.0, -0.0, 0.635416, 0.772169, 0.374726, -1e-06, -0.772168, 0.635418, -0.0, 0.0, 0.0, 0.0, 1.0],
                [1.000001, -1e-06, 1e-06, -0.0, -0.0, 0.52219, 0.852829, 0.374726, -1e-06, -0.852829, 0.522191, 0.0, 0.0, 0.0, 0.0, 1.0],
                [1.000001, -1e-06, 0.0, 0.0, -0.0, 0.343116, 0.939293, 0.374726, -1e-06, -0.939292, 0.343116, -0.0, 0.0, 0.0, 0.0, 1.0],
                [1.000001, -1e-06, 0.0, 0.0, -0.0, 0.070438, 0.997517, 0.374726, -1e-06, -0.997516, 0.070438, 0.0, 0.0, 0.0, 0.0, 1.0],
                [1.000001, -1e-06, 1e-06, -0.0, -0.0, 0.713566, 0.700587, 0.374726, -1e-06, -0.700586, 0.713568, -0.0, 0.0, 0.0, 0.0, 1.0],
                [1.000001, -1e-06, 1e-06, -0.0, -0.0, 0.543319, 0.839527, 0.374726, -1e-06, -0.839526, 0.54332, 0.0, 0.0, 0.0, 0.0, 1.0],
                [1.000001, -1e-06, 0.0, -0.0, -0.0, 0.250031, 0.968238, 0.374726, -1e-06, -0.968237, 0.250032, -0.0, 0.0, 0.0, 0.0, 1.0],
                [1.000001, -1e-06, 0.0, -0.0, -0.0, 0.238425, 0.971161, 0.374726, -1e-06, -0.971161, 0.238426, 0.0, 0.0, 0.0, 0.0, 1.0]
            ]
        },
        {
            "name": "Knee_L",
            "time": [0.0, 3.15],
            "transform": [
                [1.0, 0.0, -0.0, 0.0, -0.0, 0.00567, -0.999984, 0.374726, -0.0, 0.999984, 0.00567, 0.0, 0.0, 0.0, 0.0, 1.0],
                [1.0, 0.0, -0.0, 0.0, -0.0, 0.00567, -0.999984, 0.458246, -0.0, 0.999984, 0.00567, -0.000473, 0.0, 0.0, 0.0, 1.0]
            ]
        },
        {
            "name": "Torso",
            "time": [0.0, 0.3, 0.35, 0.4, 0.45, 0.5, 0.74, 0.75, 0.79, 0.8, 0.84, 0.85, 0.89, 0.9, 0.94, 0.95, 2.95, 3.03, 3.15],
            "transform": [
                [1.0, -0.0, 0.0, 0.0, -0.0, 1.0, -0.0, 0.05, 0.0, 0.0, 1.0, -0.0, 0.0, 0.0, 0.0, 1.0],
                [1.0, -0.0, 0.0, -0.0, -0.0, 1.0, -0.0, 0.05, -0.0, -0.0, 1.0, -0.0, 0.0, 0.0, 0.0, 1.0],
                [1.0, 0.0, -0.0, -0.0, -0.0, 1.0, 0.0, 0.05, 0.0, 0.0, 1.0, 0.0, 0.0, 0.0, 0.0, 1.0],
                [1.0, -0.0, 0.0, 0.0, -0.0, 1.0, 0.0, 0.05, 0.0, -0.0, 1.0, -0.0, 0.0, 0.0, 0.0, 1.0],
                [1.0, 0.0, -0.0, 0.0, 0.0, 1.000001, 0.0, 0.05, -0.0, 0.0, 1.0, 0.0, 0.0, 0.0, 0.0, 1.0],
                [1.0, -0.0, -0.0, 0.0, -0.0, 1.0, -0.0, 0.05, 0.0, -0.0, 1.0, -0.0, 0.0, 0.0, 0.0, 1.0],
                [1.0, 0.0, -0.0, -0.0, -0.0, 1.0, 0.0, 0.05, 0.0, -0.0, 1.0, -0.0, 0.0, 0.0, 0.0, 1.0],
                [1.0, 0.0, 0.0, -0.0, -0.0, 1.0, -0.0, 0.05, 0.0, -0.0, 1.0, -0.0, 0.0, 0.0, 0.0, 1.0],
                [1.0, -0.0, 0.0, 0.0, -0.0, 1.000001, -0.0, 0.05, 0.0, 0.0, 1.0, 0.0, 0.0, 0.0, 0.0, 1.0],
                [1.0, 0.0, -0.0, 0.0, 0.0, 1.0, -0.0, 0.05, -0.0, 0.0, 1.0, -0.0, 0.0, 0.0, 0.0, 1.0],
                [1.0, 0.0, -0.0, -0.0, -0.0, 1.0, -0.0, 0.05, 0.0, 0.0, 1.0, 0.0, 0.0, 0.0, 0.0, 1.0],
                [1.0, -0.0, -0.0, -0.0, -0.0, 1.0, 0.0, 0.05, -0.0, -0.0, 1.0, -0.0, 0.0, 0.0, 0.0, 1.0],
                [1.0, -0.0, -0.0, -0.0, 0.0, 1.0, -0.0, 0.05, 0.0, 0.0, 1.0, 0.0, 0.0, 0.0, 0.0, 1.0],
                [1.0, -0.0, -0.0, 0.0, 0.0, 1.000001, 0.0, 0.05, 0.0, 0.0, 1.0, 0.0, 0.0, 0.0, 0.0, 1.0],
                [1.0, 0.0, -0.0, 0.0, 0.0, 1.0, 0.0, 0.05, 0.0, -0.0, 1.0, -0.0, 0.0, 0.0, 0.0, 1.0],
                [1.0, 0.0, -0.0, 0.0, -0.0, 1.0, 0.0, 0.05, 0.0, 0.0, 1.0, -0.0, 0.0, 0.0, 0.0, 1.0],
                [1.0, 0.0, -0.0, 0.0, -0.0, 1.0, -0.0, 0.05, -0.0, 0.0, 1.0, 0.0, 0.0, 0.0, 0.0, 1.0],
                [1.0, -0.0, -0.0, -0.0, -0.0, 1.0, -0.0, 0.05, 0.0, -0.0, 1.0, 0.0, 0.0, 0.0, 0.0, 1.0],
                [1.0, 0.0, -0.0, -0.0, -0.0, 1.0, 0.0, 0.05, 0.0, -0.0, 1.0, -0.0, 0.0, 0.0, 0.0, 1.0]
            ]
        },
        {
            "name": "Chest",
            "time": [0.0, 0.3, 0.35, 0.4, 0.45, 0.5, 0.74, 0.75, 0.79, 0.8, 0.84, 0.85, 0.89, 0.9, 0.94, 0.95, 2.95, 3.03, 3.15],
            "transform": [
                [1.0, 0.0, -0.0, -0.0, 0.0, 1.0, -0.0, 0.3, 0.0, 0.0, 1.0, -0.0, 0.0, 0.0, 0.0, 1.0],
                [1.0, 0.0, -0.0, 0.0, -0.0, 1.0, 0.0, 0.3, 0.0, -0.0, 1.0, -0.0, 0.0, 0.0, 0.0, 1.0],
                [1.0, 0.0, -0.0, 0.0, -0.0, 1.0, -0.0, 0.3, -0.0, -0.0, 1.0, -0.0, 0.0, 0.0, 0.0, 1.0],
                [1.0, 0.0, -0.0, 0.0, -0.0, 1.0, -0.0, 0.3, 0.0, 0.0, 1.0, 0.0, 0.0, 0.0, 0.0, 1.0],
                [1.0, -0.0, 0.0, -0.0, 0.0, 1.0, -0.0, 0.3, -0.0, -0.0, 1.0, -0.0, 0.0, 0.0, 0.0, 1.0],
                [1.0, 0.0, -0.0, 0.0, 0.0, 1.0, -0.0, 0.3, 0.0, -0.0, 1.0, -1e-06, 0.0, 0.0, 0.0, 1.0],
                [1.0, 0.0, -0.0, -0.0, 0.0, 1.0, 0.0, 0.3, 0.0, -0.0, 1.0, -0.0, 0.0, 0.0, 0.0, 1.0],
                [1.0, -0.0, 0.0, -0.0, -0.0, 1.0, -0.0, 0.3, -0.0, 0.0, 1.0, -0.0, 0.0, 0.0, 0.0, 1.0],
                [1.0, -0.0, 0.0, 0.0, 0.0, 1.0, 0.0, 0.3, 0.0, 0.0, 1.0, 0.0, 0.0, 0.0, 0.0, 1.0],
                [1.0, 0.0, -0.0, -0.0, -0.0, 1.0, 0.0, 0.3, 0.0, -0.0, 1.0, 0.0, 0.0, 0.0, 0.0, 1.0],
                [1.0, -0.0, 0.0, -0.0, 0.0, 1.0, 0.0, 0.3, 0.0, 0.0, 1.0, -0.0, 0.0, 0.0, 0.0, 1.0],
                [1.0, -0.0, 0.0, -0.0, -0.0, 1.0, 0.0, 0.3, 0.0, 0.0, 1.0, -0.0, 0.0, 0.0, 0.0, 1.0],
                [1.0, 0.0, -0.0, 0.0, -0.0, 1.0, 0.0, 0.3, 0.0, -0.0, 1.0, -0.0, 0.0, 0.0, 0.0, 1.0],
                [1.0, 0.0, -0.0, -0.0, 0.0, 1.0, -0.0, 0.3, 0.0, 0.0, 1.0, -0.0, 0.0, 0.0, 0.0, 1.0],
                [1.0, -0.0, 0.0, -0.0, 0.0, 1.0, -0.0, 0.3, -0.0, -0.0, 1.0, 0.0, 0.0, 0.0, 0.0, 1.0],
                [1.0, 0.0, -0.0, -0.0, -0.0, 1.0, -0.0, 0.3, -0.0, -0.0, 1.0, 0.0, 0.0, 0.0, 0.0, 1.0],
                [1.0, 0.0, 0.0, 0.0, 0.0, 1.0, -0.0, 0.3, 0.0, -0.0, 1.0, -0.0, 0.0, 0.0, 0.0, 1.0],
                [1.0, 0.0, -0.0, 0.0, 0.0, 1.0, -0.0, 0.3, 0.0, -0.0, 1.0, -1e-06, 0.0, 0.0, 0.0, 1.0],
                [1.0, 0.0, -0.0, 0.0, 0.0, 1.0, 0.0, 0.3, 0.0, -0.0, 1.0, -0.0, 0.0, 0.0, 0.0, 1.0]
            ]
        },
        {
            "name": "Head",
            "time": [0.0, 0.3, 0.35, 0.4, 0.45, 0.5, 0.74, 0.75, 0.79, 0.8, 0.84, 0.85, 0.89, 0.9, 0.94, 0.95, 2.95, 3.03, 3.15],
            "transform": [
                [0.995745, -0.005637, 0.091978, 0.0, 0.002565, 0.999436, 0.033475, 0.4, -0.092115, -0.033096, 0.995198, -0.0, 0.0, 0.0, 0.0, 1.0],
                [0.995745, -0.005637, 0.091978, 0.0, 0.002565, 0.999436, 0.033475, 0.4, -0.092115, -0.033096, 0.995198, -0.0, 0.0, 0.0, 0.0, 1.0],
                [0.995745, -0.005637, 0.091978, 0.0, 0.002565, 0.999436, 0.033475, 0.4, -0.092115, -0.033096, 0.995198, -0.0, 0.0, 0.0, 0.0, 1.0],
                [0.995745, -0.005637, 0.091978, -0.0, 0.002565, 0.999436, 0.033475, 0.4, -0.092115, -0.033096, 0.995198, 0.0, 0.0, 0.0, 0.0, 1.0],
                [0.995745, -0.005637, 0.091978, 0.0, 0.002565, 0.999436, 0.033475, 0.4, -0.092115, -0.033096, 0.995198, -0.0, 0.0, 0.0, 0.0, 1.0],
                [0.995745, -0.005637, 0.091978, 0.0, 0.002565, 0.999436, 0.033475, 0.4, -0.092115, -0.033096, 0.995198, -0.0, 0.0, 0.0, 0.0, 1.0],
                [0.92519, -0.104844, 0.364736, 1e-06, 0.032031, 0.979226, 0.200229, 0.4, -0.378151, -0.173567, 0.909327, 0.0, 0.0, 0.0, 0.0, 1.0],
                [0.853117, -0.108312, -0.510353, -0.0, 0.074292, 0.993465, -0.086653, 0.4, 0.516404, 0.03601, 0.855588, 0.0, 0.0, 0.0, 0.0, 1.0],
                [0.853117, -0.108312, -0.510353, 0.0, 0.074292, 0.993465, -0.086653, 0.4, 0.516404, 0.03601, 0.855588, 0.0, 0.0, 0.0, 0.0, 1.0],
                [0.853117, -0.108312, -0.510353, -0.0, 0.074292, 0.993465, -0.086653, 0.4, 0.516404, 0.03601, 0.855588, 0.0, 0.0, 0.0, 0.0, 1.0],
                [0.853117, -0.108312, -0.510353, 0.0, 0.074292, 0.993465, -0.086653, 0.4, 0.516404, 0.03601, 0.855588, 0.0, 0.0, 0.0, 0.0, 1.0],
                [0.853117, -0.108312, -0.510353, -0.0, 0.074292, 0.993465, -0.086653, 0.4, 0.516404, 0.03601, 0.855588, -0.0, 0.0, 0.0, 0.0, 1.0],
                [0.853117, -0.108312, -0.510353, -0.0, 0.074292, 0.993465, -0.086653, 0.4, 0.516404, 0.03601, 0.855588, 0.0, 0.0, 0.0, 0.0, 1.0],
                [0.853117, -0.108312, -0.510353, -0.0, 0.074292, 0.993465, -0.086653, 0.4, 0.516404, 0.03601, 0.855588, -0.0, 0.0, 0.0, 0.0, 1.0],
                [0.853117, -0.108312, -0.510353, -0.0, 0.074292, 0.993465, -0.086653, 0.4, 0.516404, 0.03601, 0.855588, -0.0, 0.0, 0.0, 0.0, 1.0],
                [0.995745, -0.005637, 0.091978, 0.0, 0.002565, 0.999436, 0.033475, 0.4, -0.092115, -0.033096, 0.995198, -0.0, 0.0, 0.0, 0.0, 1.0],
                [0.995745, -0.005637, 0.091978, -0.0, 0.002565, 0.999436, 0.033475, 0.4, -0.092115, -0.033096, 0.995198, -0.0, 0.0, 0.0, 0.0, 1.0],
                [0.995745, -0.005637, 0.091978, -0.0, 0.002565, 0.999436, 0.033475, 0.4, -0.092115, -0.033096, 0.995198, -0.0, 0.0, 0.0, 0.0, 1.0],
                [0.92519, -0.104844, 0.364736, 0.0, 0.032031, 0.979226, 0.200229, 0.4, -0.378151, -0.173567, 0.909327, 0.0, 0.0, 0.0, 0.0, 1.0]
            ]
        },
        {
            "name": "Shoulder_R",
            "time": [0.0, 0.3, 0.35, 0.4, 0.45, 0.5, 0.74, 0.75, 0.79, 0.8, 0.84, 0.85, 0.89, 0.9, 0.94, 0.95, 2.95, 3.03, 3.15],
            "transform": [
                [0.160324, 0.939818, 0.301726, 0.0, 0.026846, -0.309719, 0.950449, 0.4, 0.986699, -0.144279, -0.074886, -0.0, 0.0, 0.0, 0.0, 1.0],
                [0.160324, 0.939818, 0.301726, 0.0, 0.026846, -0.309719, 0.950449, 0.4, 0.986699, -0.144279, -0.074886, -0.0, 0.0, 0.0, 0.0, 1.0],
                [0.160324, 0.939818, 0.301726, 0.0, 0.026846, -0.309719, 0.950449, 0.4, 0.986699, -0.144279, -0.074886, -0.0, 0.0, 0.0, 0.0, 1.0],
                [0.160323, 0.939818, 0.301726, -0.0, 0.026846, -0.309719, 0.950449, 0.4, 0.986699, -0.144279, -0.074886, 0.0, 0.0, 0.0, 0.0, 1.0],
                [0.160324, 0.939818, 0.301726, 0.0, 0.026846, -0.309719, 0.950449, 0.4, 0.986699, -0.144279, -0.074886, -0.0, 0.0, 0.0, 0.0, 1.0],
                [0.160324, 0.939818, 0.301726, 0.0, 0.026846, -0.309719, 0.950449, 0.4, 0.986699, -0.144279, -0.074886, -0.0, 0.0, 0.0, 0.0, 1.0],
                [0.160324, 0.939818, 0.301726, 1e-06, 0.026846, -0.309719, 0.950449, 0.4, 0.986699, -0.144279, -0.074886, 0.0, 0.0, 0.0, 0.0, 1.0],
                [0.160324, 0.939818, 0.301726, -0.0, 0.026846, -0.309719, 0.950449, 0.4, 0.986699, -0.144279, -0.074886, 0.0, 0.0, 0.0, 0.0, 1.0],
                [0.160324, 0.939818, 0.301726, 0.0, 0.026846, -0.309719, 0.950449, 0.4, 0.986699, -0.144279, -0.074886, 0.0, 0.0, 0.0, 0.0, 1.0],
                [0.160324, 0.939818, 0.301726, -0.0, 0.026846, -0.309719, 0.950449, 0.4, 0.986699, -0.144279, -0.074886, 0.0, 0.0, 0.0, 0.0, 1.0],
                [0.160324, 0.939818, 0.301726, 0.0, 0.026846, -0.309719, 0.950449, 0.4, 0.986699, -0.144279, -0.074886, 0.0, 0.0, 0.0, 0.0, 1.0],
                [0.160324, 0.939818, 0.301726, -0.0, 0.026846, -0.309719, 0.950449, 0.4, 0.986699, -0.144279, -0.074886, -0.0, 0.0, 0.0, 0.0, 1.0],
                [0.160324, 0.939818, 0.301726, -0.0, 0.026846, -0.309719, 0.950449, 0.4, 0.986699, -0.144279, -0.074886, 0.0, 0.0, 0.0, 0.0, 1.0],
                [0.160324, 0.939818, 0.301726, -0.0, 0.026846, -0.309719, 0.950449, 0.4, 0.986699, -0.144279, -0.074886, -0.0, 0.0, 0.0, 0.0, 1.0],
                [0.160323, 0.939818, 0.301726, -0.0, 0.026846, -0.309719, 0.950449, 0.4, 0.986699, -0.144279, -0.074886, -0.0, 0.0, 0.0, 0.0, 1.0],
                [0.160324, 0.939818, 0.301726, 0.0, 0.026846, -0.309719, 0.950449, 0.4, 0.986699, -0.144279, -0.074886, -0.0, 0.0, 0.0, 0.0, 1.0],
                [0.160324, 0.939818, 0.301726, -0.0, 0.026847, -0.309719, 0.950449, 0.4, 0.986699, -0.144279, -0.074886, -0.0, 0.0, 0.0, 0.0, 1.0],
                [0.160324, 0.939818, 0.301726, -0.0, 0.026846, -0.309719, 0.950449, 0.4, 0.986699, -0.144279, -0.074886, -0.0, 0.0, 0.0, 0.0, 1.0],
                [0.160324, 0.939818, 0.301726, 0.0, 0.026846, -0.309719, 0.950449, 0.4, 0.986699, -0.144279, -0.074886, 0.0, 0.0, 0.0, 0.0, 1.0]
            ]
        },
        {
            "name": "Arm_R",
            "time": [0.0, 0.3, 0.35, 0.4, 0.45, 0.5, 0.74, 0.75, 0.79, 0.8, 0.84, 0.85, 0.89, 0.9, 0.94, 0.95, 2.95, 3.03, 3.15],
            "transform": [
                [0.085397, 0.079919, -0.993137, 0.0, 0.943068, 0.315105, 0.106449, 0.39386, 0.32145, -0.945687, -0.048461, -0.0, 0.0, 0.0, 0.0, 1.0],
                [0.158359, -0.981437, 0.108199, -0.0, -0.708944, -0.189291, -0.679389, 0.39386, 0.687257, 0.03088, -0.725758, -0.0, 0.0, 0.0, 0.0, 1.0],
                [0.073441, -0.996368, 0.043113, -0.0, -0.630061, -0.079865, -0.772428, 0.393861, 0.773065, 0.029563, -0.633637, 0.0, 0.0, 0.0, 0.0, 1.0],
                [0.122382, -0.99186, 0.035187, 0.0, -0.686074, -0.110164, -0.719143, 0.39386, 0.717165, 0.063869, -0.693971, -0.0, 0.0, 0.0, 0.0, 1.0],
                [-0.07395, -0.92934, -0.361748, -1e-06, -0.695069, 0.30815, -0.649556, 0.393861, 0.71513, 0.203405, -0.668743, 0.0, 0.0, 0.0, 0.0, 1.0],
                [0.132086, -0.502551, -0.854399, 1e-06, -0.594315, 0.64969, -0.474019, 0.393861, 0.793312, 0.570393, -0.212859, 0.0, 0.0, 0.0, 0.0, 1.0],
                [0.132086, -0.502555, -0.854397, 0.0, -0.594315, 0.649687, -0.474022, 0.393861, 0.793312, 0.570392, -0.212862, -0.0, 0.0, 0.0, 0.0, 1.0],
                [-0.128477, -0.941185, -0.312517, 0.0, -0.56656, 0.328299, -0.755797, 0.393861, 0.813943, 0.079957, -0.575416, 0.0, 0.0, 0.0, 0.0, 1.0],
                [0.305657, -0.032059, -0.951603, 0.0, -0.725672, 0.639195, -0.254622, 0.39386, 0.616421, 0.768378, 0.172109, -0.0, 0.0, 0.0, 0.0, 1.0],
                [0.813546, -0.283192, -0.507884, -1e-06, -0.142129, 0.750073, -0.645903, 0.39386, 0.563865, 0.597656, 0.569969, -0.0, 0.0, 0.0, 0.0, 1.0],
                [0.036683, -0.744003, -0.66717, 0.0, -0.392657, 0.603194, -0.694247, 0.39386, 0.918954, 0.287436, -0.270011, 0.0, 0.0, 0.0, 0.0, 1.0],
                [-0.053495, -0.926648, -0.372108, -0.0, -0.298794, 0.370422, -0.879495, 0.39386, 0.952818, 0.064135, -0.296692, -0.0, 0.0, 0.0, 0.0, 1.0],
                [-0.065838, -0.493291, -0.86737, -0.0, -0.823893, 0.51725, -0.231633, 0.393861, 0.562909, 0.699369, -0.440474, -0.0, 0.0, 0.0, 0.0, 1.0],
                [0.271406, -0.09966, -0.957292, -0.0, -0.307433, 0.933543, -0.184349, 0.39386, 0.912044, 0.344337, 0.22273, 0.0, 0.0, 0.0, 0.0, 1.0],
                [0.264509, -0.291274, -0.919345, 0.0, -0.438683, 0.81262, -0.383676, 0.39386, 0.858832, 0.504787, 0.087168, -0.0, 0.0, 0.0, 0.0, 1.0],
                [0.073441, -0.996368, 0.043114, -0.0, -0.630061, -0.079865, -0.772428, 0.39386, 0.773065, 0.029564, -0.633637, -0.0, 0.0, 0.0, 0.0, 1.0],
                [0.269269, -0.962826, 0.021525, -0.0, -0.692551, -0.209118, -0.690395, 0.39386, 0.66923, 0.170994, -0.723113, -0.0, 0.0, 0.0, 0.0, 1.0],
                [0.132085, -0.502554, -0.854397, -0.0, -0.594315, 0.649688, -0.474022, 0.393861, 0.793312, 0.570392, -0.212861, -0.0, 0.0, 0.0, 0.0, 1.0],
                [0.132085, -0.502551, -0.854399, -0.0, -0.594315, 0.649689, -0.474019, 0.39386, 0.793312, 0.570393, -0.212859, -0.0, 0.0, 0.0, 0.0, 1.0]
            ]
        },
        {
            "name": "Hand_R",
            "time": [0.0, 0.3, 0.35, 0.4, 0.45, 0.5, 0.74, 0.75, 0.79, 0.8, 0.84, 0.85, 0.89, 0.9, 0.94, 0.95, 2.95, 3.03, 3.15],
            "transform": [
                [1.0, -1e-06, 0.0, -0.0, 1e-06, 0.971149, -0.238474, 0.300002, 0.0, 0.238474, 0.971149, 0.0, 0.0, 0.0, 0.0, 1.0],
                [1.0, 3e-06, -2e-06, -0.0, -3e-06, 0.408059, -0.912955, 0.300003, -2e-06, 0.912956, 0.408059, -0.0, 0.0, 0.0, 0.0, 1.0],
                [0.999999, 0.0, 0.0, -0.0, 0.0, 0.457642, -0.889136, 0.300003, -0.0, 0.889137, 0.457642, -0.0, 0.0, 0.0, 0.0, 1.0],
                [0.999999, -6e-06, 4e-06, -0.0, 6e-06, 0.457643, -0.889135, 0.300003, 4e-06, 0.889136, 0.457643, -0.0, 0.0, 0.0, 0.0, 1.0],
                [1.0, 0.0, 0.0, -0.0, 0.0, 0.094819, -0.995494, 0.300003, 0.0, 0.995495, 0.094819, -0.0, 0.0, 0.0, 0.0, 1.0],
                [0.999999, -2e-06, 1e-06, 0.0, 2e-06, 0.831234, -0.555921, 0.300003, 1e-06, 0.555922, 0.831234, 0.0, 0.0, 0.0, 0.0, 1.0],
                [1.0, -2e-06, 1e-06, 0.0, 2e-06, 0.831238, -0.555916, 0.300003, 1e-06, 0.555916, 0.831238, 0.0, 0.0, 0.0, 0.0, 1.0],
                [0.999999, -3e-06, 1e-06, 0.0, 3e-06, 0.631606, -0.775289, 0.300003, 1e-06, 0.775289, 0.631606, -1e-06, 0.0, 0.0, 0.0, 1.0],
                [0.999999, -3e-06, 1e-06, -0.0, 3e-06, 0.681276, -0.732026, 0.300003, 1e-06, 0.732028, 0.681275, 0.0, 0.0, 0.0, 0.0, 1.0],
                [0.999999, -4e-06, 2e-06, 0.0, 4e-06, 0.729735, -0.683729, 0.300002, 2e-06, 0.683729, 0.729735, 0.0, 0.0, 0.0, 0.0, 1.0],
                [0.999999, -1e-06, 0.0, 0.0, 1e-06, 0.970162, -0.242458, 0.300003, 0.0, 0.242459, 0.970161, 0.0, 0.0, 0.0, 0.0, 1.0],
                [0.999999, -3e-06, 2e-06, -0.0, 3e-06, 0.436863, -0.899528, 0.300002, 2e-06, 0.899528, 0.436863, 0.0, 0.0, 0.0, 0.0, 1.0],
                [0.999999, 1e-06, -0.0, 0.0, -1e-06, 0.750988, -0.660314, 0.300003, -1e-06, 0.660315, 0.750989, 0.0, 0.0, 0.0, 0.0, 1.0],
                [0.999999, -2e-06, 3e-06, 0.0, 3e-06, -0.256983, -0.966415, 0.300003, 3e-06, 0.966416, -0.256983, -0.0, 0.0, 0.0, 0.0, 1.0],
                [0.999999, -2e-06, 1e-06, -0.0, 2e-06, 0.734244, -0.678885, 0.300002, 1e-06, 0.678886, 0.734244, -0.0, 0.0, 0.0, 0.0, 1.0],
                [0.999999, -0.0, 0.0, -0.0, 0.0, 0.457641, -0.889136, 0.300003, -0.0, 0.889137, 0.457642, -0.0, 0.0, 0.0, 0.0, 1.0],
                [0.999999, 0.0, 0.0, 0.0, 0.0, 0.331153, -0.943577, 0.300002, 0.0, 0.943578, 0.331153, 0.0, 0.0, 0.0, 0.0, 1.0],
                [0.999999, -2e-06, 1e-06, 0.0, 2e-06, 0.831238, -0.555916, 0.300003, 1e-06, 0.555916, 0.831238, -0.0, 0.0, 0.0, 0.0, 1.0],
                [0.999999, -2e-06, 1e-06, -0.0, 2e-06, 0.831235, -0.555921, 0.300003, 1e-06, 0.555921, 0.831234, -0.0, 0.0, 0.0, 0.0, 1.0]
            ]
        },
        {
            "name": "Tool_R",
            "time": [0.0, 0.15, 0.25, 0.3, 0.35, 0.4, 0.45, 0.5, 0.74, 0.75, 0.79, 0.8, 0.84, 0.85, 0.89, 0.9, 0.94, 0.95, 2.95, 3.03, 3.15],
            "transform": [
                [0.999812, 0.018997, 0.004013, 0.0, 0.019232, -0.940583, -0.339021, 0.271711, -0.002665, 0.339034, -0.940771, -0.028915, 0.0, 0.0, 0.0, 1.0],
                [0.975836, -0.216048, 0.032677, 0.0, -0.090092, -0.534068, -0.840628, 0.271711, 0.199068, 0.817371, -0.540627, -0.028915, 0.0, 0.0, 0.0, 1.0],
                [0.992797, 0.117288, -0.024459, 0.0, 0.030159, -0.44222, -0.8964, 0.271711, -0.115953, 0.889205, -0.442572, -0.028915, 0.0, 0.0, 0.0, 1.0],
                [0.987632, 0.147056, 0.054388, -0.0, 0.118401, -0.472099, -0.873558, 0.271711, -0.102785, 0.869194, -0.483672, -0.028915, 0.0, 0.0, 0.0, 1.0],
                [0.986318, 0.12905, 0.10258, 0.0, 0.154466, -0.506083, -0.84854, 0.271711, -0.05759, 0.852776, -0.519093, -0.028916, 0.0, 0.0, 0.0, 1.0],
                [0.986318, 0.12905, 0.10258, 0.0, 0.154466, -0.506083, -0.84854, 0.271711, -0.05759, 0.852776, -0.519093, -0.028915, 0.0, 0.0, 0.0, 1.0],
                [0.998898, 0.024058, -0.040312, 0.0, -0.032604, -0.262286, -0.96444, 0.271711, -0.033776, 0.964691, -0.261212, -0.028915, 0.0, 0.0, 0.0, 1.0],
                [0.992739, -0.119337, -0.015099, -0.0, -0.018428, -0.026841, -0.99947, 0.271711, 0.118869, 0.992491, -0.028845, -0.028915, 0.0, 0.0, 0.0, 1.0],
                [0.992739, -0.119337, -0.015099, -0.0, -0.018428, -0.026841, -0.99947, 0.271711, 0.118869, 0.992492, -0.028845, -0.028915, 0.0, 0.0, 0.0, 1.0],
                [0.992739, -0.119338, -0.015099, 0.0, -0.018428, -0.026841, -0.99947, 0.271711, 0.118869, 0.992492, -0.028845, -0.028915, 0.0, 0.0, 0.0, 1.0],
                [0.992739, -0.119337, -0.015099, -0.0, -0.018428, -0.026841, -0.99947, 0.271711, 0.118869, 0.992492, -0.028845, -0.028915, 0.0, 0.0, 0.0, 1.0],
                [-0.237266, 0.971437, -0.003969, 0.0, -0.004428, -0.005167, -0.999977, 0.271711, -0.971435, -0.237243, 0.005527, -0.028915, 0.0, 0.0, 0.0, 1.0],
                [0.998376, -0.032779, -0.046587, -0.0, -0.040185, 0.174382, -0.983858, 0.271711, 0.040374, 0.984133, 0.172781, -0.028915, 0.0, 0.0, 0.0, 1.0],
                [0.998376, -0.032779, -0.046587, 0.0, -0.040184, 0.174382, -0.983858, 0.271711, 0.040374, 0.984133, 0.172781, -0.028915, 0.0, 0.0, 0.0, 1.0],
                [0.998376, -0.032779, -0.046587, -0.0, -0.040184, 0.174382, -0.983858, 0.271711, 0.040374, 0.984133, 0.172781, -0.028915, 0.0, 0.0, 0.0, 1.0],
                [0.998376, -0.032779, -0.046587, 0.0, -0.040184, 0.174382, -0.983858, 0.271711, 0.040374, 0.984133, 0.172781, -0.028915, 0.0, 0.0, 0.0, 1.0],
                [0.998376, -0.032779, -0.046587, 0.0, -0.040184, 0.174382, -0.983858, 0.271711, 0.040374, 0.984133, 0.172781, -0.028915, 0.0, 0.0, 0.0, 1.0],
                [0.986318, 0.12905, 0.10258, 0.0, 0.154466, -0.506083, -0.84854, 0.271711, -0.05759, 0.852776, -0.519093, -0.028915, 0.0, 0.0, 0.0, 1.0],
                [0.986318, 0.12905, 0.10258, 0.0, 0.154466, -0.506083, -0.84854, 0.271711, -0.05759, 0.852776, -0.519093, -0.028915, 0.0, 0.0, 0.0, 1.0],
                [0.992739, -0.119337, -0.015099, -0.0, -0.018428, -0.026841, -0.99947, 0.271711, 0.118869, 0.992492, -0.028845, -0.028915, 0.0, 0.0, 0.0, 1.0],
                [0.992739, -0.119337, -0.015099, -0.0, -0.018428, -0.026841, -0.99947, 0.271711, 0.118869, 0.992492, -0.028845, -0.028915, 0.0, 0.0, 0.0, 1.0]
            ]
        },
        {
            "name": "Elbow_R",
            "time": [0.0, 3.15],
            "transform": [
                [-1.0, 0.0, -0.0, -0.0, 0.0, 0.003946, -0.999992, 0.321763, -0.0, -0.999992, -0.003946, -0.001166, 0.0, 0.0, 0.0, 1.0],
                [-1.0, 0.0, -0.0, 0.0, 0.0, 0.003946, -0.999992, 0.354438, -0.0, -0.999993, -0.003946, -0.001037, 0.0, 0.0, 0.0, 1.0]
            ]
        },
        {
            "name": "Shoulder_L",
            "time": [0.0, 0.3, 0.35, 0.4, 0.45, 0.5, 0.74, 0.75, 0.79, 0.8, 0.84, 0.85, 0.89, 0.9, 0.94, 0.95, 2.95, 3.03, 3.15],
            "transform": [
                [-0.034215, -0.933024, -0.358183, 0.0, -0.141043, -0.350298, 0.925958, 0.4, -0.989412, 0.082201, -0.119611, -0.0, 0.0, 0.0, 0.0, 1.0],
                [-0.034215, -0.933024, -0.358183, 0.0, -0.141043, -0.350298, 0.925958, 0.4, -0.989412, 0.082201, -0.119611, -0.0, 0.0, 0.0, 0.0, 1.0],
                [-0.034215, -0.933024, -0.358183, 0.0, -0.141043, -0.350298, 0.925958, 0.4, -0.989412, 0.082201, -0.119611, -0.0, 0.0, 0.0, 0.0, 1.0],
                [-0.034215, -0.933024, -0.358183, -0.0, -0.141043, -0.350298, 0.925958, 0.4, -0.989412, 0.082201, -0.119611, 0.0, 0.0, 0.0, 0.0, 1.0],
                [-0.034215, -0.933024, -0.358183, 0.0, -0.141043, -0.350298, 0.925958, 0.4, -0.989412, 0.082201, -0.119611, -0.0, 0.0, 0.0, 0.0, 1.0],
                [-0.034215, -0.933024, -0.358183, 0.0, -0.141043, -0.350298, 0.925958, 0.4, -0.989412, 0.082201, -0.119611, -0.0, 0.0, 0.0, 0.0, 1.0],
                [-0.034215, -0.933024, -0.358183, 1e-06, -0.141043, -0.350298, 0.925958, 0.4, -0.989412, 0.082201, -0.119611, 0.0, 0.0, 0.0, 0.0, 1.0],
                [-0.034215, -0.933024, -0.358183, -0.0, -0.141043, -0.350298, 0.925958, 0.4, -0.989412, 0.082201, -0.119611, 0.0, 0.0, 0.0, 0.0, 1.0],
                [-0.034215, -0.933024, -0.358183, 0.0, -0.141043, -0.350298, 0.925958, 0.4, -0.989412, 0.082201, -0.119611, 0.0, 0.0, 0.0, 0.0, 1.0],
                [-0.034215, -0.933024, -0.358183, -0.0, -0.141043, -0.350298, 0.925958, 0.4, -0.989412, 0.082201, -0.119611, 0.0, 0.0, 0.0, 0.0, 1.0],
                [-0.034215, -0.933024, -0.358183, 0.0, -0.141043, -0.350298, 0.925958, 0.4, -0.989412, 0.082201, -0.119611, 0.0, 0.0, 0.0, 0.0, 1.0],
                [-0.034215, -0.933024, -0.358183, -0.0, -0.141043, -0.350298, 0.925958, 0.4, -0.989412, 0.082201, -0.119611, -0.0, 0.0, 0.0, 0.0, 1.0],
                [-0.034215, -0.933024, -0.358183, -0.0, -0.141043, -0.350298, 0.925958, 0.4, -0.989412, 0.082201, -0.119611, 0.0, 0.0, 0.0, 0.0, 1.0],
                [-0.034215, -0.933024, -0.358183, -0.0, -0.141043, -0.350298, 0.925958, 0.4, -0.989412, 0.082201, -0.119611, -0.0, 0.0, 0.0, 0.0, 1.0],
                [-0.034215, -0.933024, -0.358183, -0.0, -0.141043, -0.350298, 0.925958, 0.4, -0.989412, 0.082201, -0.119611, -0.0, 0.0, 0.0, 0.0, 1.0],
                [-0.034215, -0.933024, -0.358183, 0.0, -0.141043, -0.350298, 0.925958, 0.4, -0.989412, 0.082201, -0.119611, -0.0, 0.0, 0.0, 0.0, 1.0],
                [-0.034215, -0.933024, -0.358183, -0.0, -0.141043, -0.350298, 0.925958, 0.4, -0.989412, 0.082201, -0.119611, -0.0, 0.0, 0.0, 0.0, 1.0],
                [-0.034215, -0.933024, -0.358183, -0.0, -0.141043, -0.350298, 0.925958, 0.4, -0.989412, 0.082201, -0.119611, -0.0, 0.0, 0.0, 0.0, 1.0],
                [-0.034215, -0.933024, -0.358183, 0.0, -0.141043, -0.350298, 0.925958, 0.4, -0.989412, 0.082201, -0.119611, 0.0, 0.0, 0.0, 0.0, 1.0]
            ]
        },
        {
            "name": "Arm_L",
            "time": [0.0, 0.3, 0.35, 0.4, 0.45, 0.5, 0.74, 0.75, 0.79, 0.8, 0.84, 0.85, 0.89, 0.9, 0.94, 0.95, 2.95, 3.03, 3.15],
            "transform": [
                [0.042896, 0.018875, 0.998901, 0.0, -0.9157, 0.400605, 0.031753, 0.393861, -0.399566, -0.916055, 0.034469, -0.0, 0.0, 0.0, 0.0, 1.0],
                [-0.443471, -0.085071, 0.892241, -0.0, -0.536011, 0.823023, -0.187943, 0.39386, -0.718348, -0.561598, -0.410587, -0.0, 0.0, 0.0, 0.0, 1.0],
