{
    "animation": [
        {
            "name": "Root",
            "time": [0.0, 0.01, 0.02, 0.03, 0.04, 0.05, 0.06, 0.07, 0.08, 0.09, 0.1, 0.11, 0.12, 0.13, 0.14, 0.15, 0.16, 0.17, 0.18, 0.19, 0.2, 0.21, 0.22, 0.23, 0.24, 0.25, 0.26, 0.27, 0.28, 0.29, 0.3, 0.31, 0.32, 0.33, 0.34, 0.35, 0.36, 0.37, 0.38, 0.39, 0.4, 0.41, 0.42, 0.43, 0.44, 0.45, 0.46, 0.47, 0.48, 0.49, 0.5, 0.51, 0.52, 0.53, 0.54, 0.55, 0.56, 0.57, 0.58, 0.59, 0.6, 0.61, 0.62, 0.63, 0.64, 0.65, 0.66, 0.67, 0.68, 0.69, 0.7, 0.71, 0.72, 0.73, 0.74, 0.75, 0.76, 0.77, 0.78, 0.79, 0.8, 0.81, 0.82, 0.83, 0.84, 0.85],
            "transform": [
                [0.994801, -0.004369, -0.101749, 0.000795, -0.101768, -0.004339, -0.994799, 0.024047, 0.003904, 0.999981, -0.004761, 0.757389, 0.0, 0.0, 0.0, 1.0],
                [0.99517, -0.004437, -0.098071, 0.000597, -0.098084, -0.0028, -0.995174, 0.022047, 0.004141, 0.999986, -0.003222, 0.757008, 0.0, 0.0, 0.0, 1.0],
                [0.996151, -0.004664, -0.087525, 2.9e-05, -0.087519, 0.001608, -0.996161, 0.016324, 0.004787, 0.999988, 0.001194, 0.755915, 0.0, 0.0, 0.0, 1.0],
                [0.997475, -0.005118, -0.070831, -0.000867, -0.070785, 0.008573, -0.997455, 0.007291, 0.005713, 0.99995, 0.008189, 0.754191, 0.0, 0.0, 0.0, 1.0],
                [0.998796, -0.005899, -0.048703, -0.00205, -0.048591, 0.017781, -0.99866, -0.004638, 0.006757, 0.999824, 0.017473, 0.751914, 0.0, 0.0, 0.0, 1.0],
                [0.999735, -0.007119, -0.021872, -0.003479, -0.021657, 0.02891, -0.999347, -0.019049, 0.007747, 0.999556, 0.028748, 0.749163, 0.0, 0.0, 0.0, 1.0],
                [0.999921, -0.008885, 0.008903, -0.005114, 0.009266, 0.041623, -0.99909, -0.035529, 0.008506, 0.999094, 0.041702, 0.746017, 0.0, 0.0, 0.0, 1.0],
                [0.999019, -0.011287, 0.042822, -0.006912, 0.043385, 0.055574, -0.997511, -0.053664, 0.008879, 0.998391, 0.056009, 0.742556, 0.0, 0.0, 0.0, 1.0],
                [0.996767, -0.014382, 0.079049, -0.008834, 0.079871, 0.070401, -0.994316, -0.07304, 0.008735, 0.997415, 0.071322, 0.738857, 0.0, 0.0, 0.0, 1.0],
                [0.992999, -0.018188, 0.116718, -0.010838, 0.117857, 0.085739, -0.989322, -0.093244, 0.007987, 0.996151, 0.087282, 0.735001, 0.0, 0.0, 0.0, 1.0],
                [0.987662, -0.022674, 0.154949, -0.012882, 0.15646, 0.10122, -0.982484, -0.113861, 0.006593, 0.994605, 0.103519, 0.731065, 0.0, 0.0, 0.0, 1.0],
                [0.980832, -0.027755, 0.192866, -0.014927, 0.194799, 0.116489, -0.973901, -0.134478, 0.004564, 0.992804, 0.119663, 0.72713, 0.0, 0.0, 0.0, 1.0],
                [0.97271, -0.033299, 0.229621, -0.016931, 0.232014, 0.131205, -0.963823, -0.154682, 0.001967, 0.990796, 0.13535, 0.723273, 0.0, 0.0, 0.0, 1.0],
                [0.963616, -0.039125, 0.264411, -0.018853, 0.267288, 0.145055, -0.952636, -0.174058, -0.001082, 0.98865, 0.150235, 0.719575, 0.0, 0.0, 0.0, 1.0],
                [0.953973, -0.045015, 0.296496, -0.020651, 0.299861, 0.157758, -0.940848, -0.192193, -0.004422, 0.986451, 0.163995, 0.716113, 0.0, 0.0, 0.0, 1.0],
                [0.944285, -0.050721, 0.325198, -0.022286, 0.329036, 0.169062, -0.92906, -0.208673, -0.007855, 0.984299, 0.176331, 0.712968, 0.0, 0.0, 0.0, 1.0],
                [0.935111, -0.055977, 0.349907, -0.023715, 0.35418, 0.178746, -0.917936, -0.223084, -0.011161, 0.982302, 0.186973, 0.710217, 0.0, 0.0, 0.0, 1.0],
                [0.927034, -0.060508, 0.370062, -0.024898, 0.374711, 0.186613, -0.908167, -0.235013, -0.014107, 0.980568, 0.195669, 0.70794, 0.0, 0.0, 0.0, 1.0],
                [0.920635, -0.064044, 0.385135, -0.025794, 0.390077, 0.192475, -0.900441, -0.244046, -0.016461, 0.97921, 0.202182, 0.706216, 0.0, 0.0, 0.0, 1.0],
                [0.916457, -0.066331, 0.394598, -0.026362, 0.399728, 0.196147, -0.895401, -0.249769, -0.018006, 0.978328, 0.206274, 0.705123, 0.0, 0.0, 0.0, 1.0],
                [0.914974, -0.067138, 0.397887, -0.02656, 0.403085, 0.197421, -0.893615, -0.251769, -0.018556, 0.978017, 0.207698, 0.704741, 0.0, 0.0, 0.0, 1.0],
                [0.914974, -0.067138, 0.397887, -0.02656, 0.403085, 0.197421, -0.893615, -0.251769, -0.018556, 0.978017, 0.207698, 0.704741, 0.0, 0.0, 0.0, 1.0],
                [0.914974, -0.067138, 0.397887, -0.02656, 0.403085, 0.197421, -0.893615, -0.251769, -0.018556, 0.978017, 0.207698, 0.704741, 0.0, 0.0, 0.0, 1.0],
                [0.914974, -0.067138, 0.397887, -0.02656, 0.403085, 0.197421, -0.893615, -0.251769, -0.018556, 0.978017, 0.207698, 0.704741, 0.0, 0.0, 0.0, 1.0],
                [0.914974, -0.067138, 0.397887, -0.02656, 0.403085, 0.197421, -0.893615, -0.251769, -0.018556, 0.978017, 0.207698, 0.704741, 0.0, 0.0, 0.0, 1.0],
                [0.914974, -0.067138, 0.397887, -0.02656, 0.403085, 0.197421, -0.893615, -0.251769, -0.018556, 0.978017, 0.207698, 0.704741, 0.0, 0.0, 0.0, 1.0],
                [0.918343, -0.06571, 0.390293, -0.026726, 0.395329, 0.19967, -0.896575, -0.250788, -0.019016, 0.977658, 0.209342, 0.704338, 0.0, 0.0, 0.0, 1.0],
                [0.927669, -0.061495, 0.368304, -0.027199, 0.372853, 0.206069, -0.904719, -0.247981, -0.02026, 0.976603, 0.214092, 0.703184, 0.0, 0.0, 0.0, 1.0],
                [0.941403, -0.054459, 0.332858, -0.027946, 0.336566, 0.216042, -0.916542, -0.243551, -0.021997, 0.974864, 0.221712, 0.701362, 0.0, 0.0, 0.0, 1.0],
                [0.95757, -0.044449, 0.284751, -0.028932, 0.287211, 0.228928, -0.930108, -0.237701, -0.023846, 0.972428, 0.231981, 0.698956, 0.0, 0.0, 0.0, 1.0],
                [0.973886, -0.031278, 0.224871, -0.030124, 0.225615, 0.243966, -0.943174, -0.230633, -0.025361, 0.969279, 0.244652, 0.69605, 0.0, 0.0, 0.0, 1.0],
                [0.987895, -0.014813, 0.154418, -0.031487, 0.15292, 0.260295, -0.953342, -0.22255, -0.026072, 0.965415, 0.25941, 0.692726, 0.0, 0.0, 0.0, 1.0],
                [0.997166, 0.004945, 0.075069, -0.032987, 0.070767, 0.276975, -0.958267, -0.213656, -0.025531, 0.960864, 0.27584, 0.689068, 0.0, 0.0, 0.0, 1.0],
                [0.999554, 0.027794, -0.010942, -0.034589, -0.018612, 0.293041, -0.955919, -0.204153, -0.023362, 0.955696, 0.293428, 0.68516, 0.0, 0.0, 0.0, 1.0],
                [0.993472, 0.053285, -0.100865, -0.03626, -0.112426, 0.307582, -0.944856, -0.194245, -0.019323, 0.950028, 0.311565, 0.681086, 0.0, 0.0, 0.0, 1.0],
                [0.978146, 0.080728, -0.191608, -0.037965, -0.207491, 0.319841, -0.924472, -0.184133, -0.013346, 0.944025, 0.329602, 0.676928, 0.0, 0.0, 0.0, 1.0],
                [0.953761, 0.109232, -0.280014, -0.03967, -0.300513, 0.329302, -0.895127, -0.174022, -0.005568, 0.937885, 0.346901, 0.672769, 0.0, 0.0, 0.0, 1.0],
                [0.921476, 0.137797, -0.363171, -0.041341, -0.388417, 0.335748, -0.858141, -0.164113, 0.003685, 0.931818, 0.362906, 0.668695, 0.0, 0.0, 0.0, 1.0],
                [0.883279, 0.165407, -0.438702, -0.042944, -0.468641, 0.339276, -0.815639, -0.15461, 0.013928, 0.92603, 0.377192, 0.664787, 0.0, 0.0, 0.0, 1.0],
                [0.841736, 0.19113, -0.504926, -0.044443, -0.53933, 0.340263, -0.770288, -0.145716, 0.024583, 0.920701, 0.389494, 0.661129, 0.0, 0.0, 0.0, 1.0],
                [0.799699, 0.214177, -0.560901, -0.045806, -0.599378, 0.339293, -0.725001, -0.137634, 0.035031, 0.915974, 0.399705, 0.657806, 0.0, 0.0, 0.0, 1.0],
                [0.760039, 0.23393, -0.606315, -0.046998, -0.64834, 0.337066, -0.682672, -0.130566, 0.044671, 0.911956, 0.40785, 0.654899, 0.0, 0.0, 0.0, 1.0],
                [0.725451, 0.24992, -0.641297, -0.047985, -0.686234, 0.334318, -0.645998, -0.124715, 0.05295, 0.90872, 0.414035, 0.652493, 0.0, 0.0, 0.0, 1.0],
                [0.698345, 0.261783, -0.666171, -0.048732, -0.713294, 0.331745, -0.617379, -0.120285, 0.05938, 0.906319, 0.418401, 0.650671, 0.0, 0.0, 0.0, 1.0],
                [0.680816, 0.269197, -0.681192, -0.049205, -0.729693, 0.329947, -0.598901, -0.117478, 0.063535, 0.904803, 0.421064, 0.649517, 0.0, 0.0, 0.0, 1.0],
                [0.67464, 0.271806, -0.686281, -0.04937, -0.735275, 0.329382, -0.59235, -0.116497, 0.065044, 0.904228, 0.422067, 0.649114, 0.0, 0.0, 0.0, 1.0],
                [0.676063, 0.270919, -0.685231, -0.04937, -0.73394, 0.33007, -0.593621, -0.116497, 0.065351, 0.904244, 0.421987, 0.649114, 0.0, 0.0, 0.0, 1.0],
                [0.68017, 0.268256, -0.682208, -0.04937, -0.730073, 0.331745, -0.597443, -0.116497, 0.066051, 0.904424, 0.42149, 0.649114, 0.0, 0.0, 0.0, 1.0],
                [0.686735, 0.264004, -0.677271, -0.04937, -0.723809, 0.334288, -0.603616, -0.116497, 0.067047, 0.904739, 0.420656, 0.649114, 0.0, 0.0, 0.0, 1.0],
                [0.695516, 0.258344, -0.670459, -0.04937, -0.715263, 0.337568, -0.611921, -0.116497, 0.068239, 0.905155, 0.419568, 0.649114, 0.0, 0.0, 0.0, 1.0],
                [0.706255, 0.251454, -0.661797, -0.04937, -0.704535, 0.341447, -0.622129, -0.116497, 0.069532, 0.90564, 0.418307, 0.649114, 0.0, 0.0, 0.0, 1.0],
                [0.718684, 0.24351, -0.651303, -0.04937, -0.69172, 0.345786, -0.634, -0.116497, 0.070826, 0.906165, 0.416952, 0.649114, 0.0, 0.0, 0.0, 1.0],
                [0.732534, 0.234691, -0.638994, -0.04937, -0.67691, 0.350446, -0.647287, -0.116497, 0.072021, 0.906702, 0.415578, 0.649114, 0.0, 0.0, 0.0, 1.0],
                [0.747532, 0.225178, -0.624893, -0.04937, -0.660201, 0.355296, -0.66174, -0.116497, 0.073013, 0.907226, 0.414258, 0.649114, 0.0, 0.0, 0.0, 1.0],
                [0.76341, 0.215159, -0.609025, -0.04937, -0.641697, 0.360213, -0.677106, -0.116497, 0.073693, 0.907719, 0.413056, 0.649114, 0.0, 0.0, 0.0, 1.0],
                [0.779906, 0.204826, -0.591433, -0.04937, -0.621513, 0.365083, -0.693135, -0.116497, 0.07395, 0.908163, 0.412033, 0.649114, 0.0, 0.0, 0.0, 1.0],
                [0.796687, 0.1938, -0.572478, -0.049326, -0.599956, 0.368135, -0.710303, -0.116071, 0.073092, 0.909351, 0.40956, 0.649594, 0.0, 0.0, 0.0, 1.0],
                [0.813482, 0.181728, -0.552469, -0.049196, -0.577277, 0.367772, -0.729037, -0.11484, 0.070696, 0.911986, 0.404083, 0.650983, 0.0, 0.0, 0.0, 1.0],
                [0.830133, 0.168848, -0.531384, -0.048988, -0.55352, 0.364158, -0.749003, -0.112874, 0.06704, 0.915904, 0.39576, 0.653202, 0.0, 0.0, 0.0, 1.0],
                [0.846489, 0.155396, -0.509223, -0.04871, -0.528738, 0.357454, -0.769846, -0.110242, 0.062393, 0.920912, 0.384745, 0.656171, 0.0, 0.0, 0.0, 1.0],
                [0.862402, 0.141607, -0.486015, -0.04837, -0.503004, 0.347832, -0.791201, -0.107016, 0.057012, 0.926801, 0.3712, 0.659811, 0.0, 0.0, 0.0, 1.0],
                [0.877733, 0.127709, -0.461817, -0.047974, -0.476413, 0.335478, -0.812702, -0.103264, 0.05114, 0.933351, 0.355302, 0.664043, 0.0, 0.0, 0.0, 1.0],
                [0.892356, 0.113921, -0.436719, -0.047529, -0.449084, 0.320602, -0.833989, -0.099057, 0.045004, 0.940338, 0.337251, 0.66879, 0.0, 0.0, 0.0, 1.0],
                [0.906153, 0.100448, -0.410849, -0.047045, -0.421165, 0.303443, -0.854718, -0.094465, 0.038814, 0.94754, 0.317271, 0.67397, 0.0, 0.0, 0.0, 1.0],
                [0.919025, 0.087481, -0.384369, -0.046527, -0.392836, 0.284268, -0.874569, -0.089558, 0.032756, 0.954745, 0.295615, 0.679506, 0.0, 0.0, 0.0, 1.0],
                [0.930892, 0.075185, -0.357474, -0.045983, -0.364296, 0.263378, -0.893264, -0.084405, 0.02699, 0.961758, 0.272566, 0.685319, 0.0, 0.0, 0.0, 1.0],
                [0.941693, 0.063704, -0.330387, -0.045421, -0.335776, 0.241102, -0.910563, -0.079078, 0.02165, 0.968407, 0.248435, 0.691329, 0.0, 0.0, 0.0, 1.0],
                [0.951392, 0.05315, -0.30336, -0.044847, -0.30752, 0.217797, -0.92628, -0.073646, 0.016839, 0.974546, 0.223555, 0.697457, 0.0, 0.0, 0.0, 1.0],
                [0.959978, 0.043606, -0.276662, -0.04427, -0.279792, 0.193838, -0.940289, -0.068179, 0.012626, 0.980064, 0.198281, 0.703626, 0.0, 0.0, 0.0, 1.0],
                [0.96746, 0.035119, -0.250574, -0.043697, -0.252861, 0.16962, -0.952518, -0.062746, 0.009051, 0.984884, 0.172981, 0.709754, 0.0, 0.0, 0.0, 1.0],
                [0.973875, 0.027708, -0.225387, -0.043134, -0.227001, 0.145543, -0.962958, -0.057419, 0.006122, 0.988964, 0.148031, 0.715764, 0.0, 0.0, 0.0, 1.0],
                [0.979278, 0.021358, -0.201389, -0.04259, -0.202483, 0.122011, -0.971655, -0.052267, 0.003819, 0.992299, 0.123807, 0.721577, 0.0, 0.0, 0.0, 1.0],
                [0.983743, 0.016028, -0.178867, -0.042072, -0.179572, 0.099423, -0.978708, -0.04736, 0.002097, 0.994916, 0.100685, 0.727113, 0.0, 0.0, 0.0, 1.0],
                [0.987355, 0.011654, -0.158096, -0.041588, -0.158523, 0.078171, -0.984256, -0.042768, 0.000888, 0.996872, 0.07903, 0.732293, 0.0, 0.0, 0.0, 1.0],
                [0.990211, 0.008152, -0.139342, -0.041144, -0.139581, 0.058633, -0.988473, -0.038561, 0.000112, 0.998246, 0.059197, 0.73704, 0.0, 0.0, 0.0, 1.0],
                [0.99241, 0.005429, -0.122856, -0.040748, -0.122976, 0.041175, -0.991555, -0.034809, -0.000324, 0.999137, 0.04153, 0.741272, 0.0, 0.0, 0.0, 1.0],
                [0.994049, 0.003383, -0.108877, -0.040407, -0.108929, 0.026149, -0.993706, -0.031582, -0.000514, 0.999652, 0.026362, 0.744912, 0.0, 0.0, 0.0, 1.0],
                [0.995221, 0.001916, -0.097633, -0.040129, -0.09765, 0.013893, -0.995123, -0.02895, -0.000551, 0.999902, 0.014013, 0.747881, 0.0, 0.0, 0.0, 1.0],
                [0.996001, 0.000941, -0.089341, -0.039922, -0.089345, 0.004738, -0.995989, -0.026984, -0.000514, 0.999988, 0.004803, 0.7501, 0.0, 0.0, 0.0, 1.0],
                [0.996448, 0.000385, -0.084214, -0.039792, -0.084213, -0.000992, -0.996447, -0.025753, -0.000468, 0.999999, -0.000957, 0.751489, 0.0, 0.0, 0.0, 1.0],
                [0.996594, 0.000205, -0.082459, -0.039747, -0.082458, -0.002975, -0.99659, -0.025327, -0.000449, 0.999995, -0.002948, 0.751969, 0.0, 0.0, 0.0, 1.0],
                [0.996594, 0.000205, -0.082459, -0.039747, -0.082458, -0.002975, -0.99659, -0.025327, -0.000449, 0.999995, -0.002948, 0.751969, 0.0, 0.0, 0.0, 1.0],
                [0.996594, 0.000205, -0.082459, -0.039747, -0.082458, -0.002975, -0.99659, -0.025327, -0.000449, 0.999995, -0.002948, 0.751969, 0.0, 0.0, 0.0, 1.0],
                [0.996594, 0.000205, -0.082459, -0.039747, -0.082458, -0.002975, -0.99659, -0.025327, -0.000449, 0.999995, -0.002948, 0.751969, 0.0, 0.0, 0.0, 1.0],
                [0.996594, 0.000205, -0.082459, -0.039747, -0.082458, -0.002975, -0.99659, -0.025327, -0.000449, 0.999995, -0.002948, 0.751969, 0.0, 0.0, 0.0, 1.0],
                [0.996594, 0.000205, -0.082459, -0.039747, -0.082458, -0.002975, -0.99659, -0.025327, -0.000449, 0.999995, -0.002948, 0.751969, 0.0, 0.0, 0.0, 1.0]
            ]
        },
        {
            "name": "Thigh_R",
            "time": [0.0, 0.01, 0.02, 0.03, 0.04, 0.05, 0.06, 0.07, 0.08, 0.09, 0.1, 0.11, 0.12, 0.13, 0.14, 0.15, 0.16, 0.17, 0.18, 0.19, 0.2, 0.21, 0.22, 0.23, 0.24, 0.25, 0.26, 0.27, 0.28, 0.29, 0.3, 0.31, 0.32, 0.33, 0.34, 0.35, 0.36, 0.37, 0.38, 0.39, 0.4, 0.41, 0.42, 0.43, 0.44, 0.45, 0.46, 0.47, 0.48, 0.49, 0.5, 0.51, 0.52, 0.53, 0.54, 0.55, 0.56, 0.57, 0.58, 0.59, 0.6, 0.61, 0.62, 0.63, 0.64, 0.65, 0.66, 0.67, 0.68, 0.69, 0.7, 0.71, 0.72, 0.73, 0.74, 0.75, 0.76, 0.77, 0.78, 0.79, 0.8, 0.81, 0.82, 0.83, 0.84, 0.85],
            "transform": [
                [0.994773, -0.015609, -0.100922, 0.124994, -0.004593, -0.994091, 0.108475, -0.002831, -0.102019, -0.107445, -0.988962, -1.2e-05, 0.0, 0.0, 0.0, 1.0],
                [0.995184, -0.015756, -0.096742, 0.124994, -0.00445, -0.993243, 0.115992, -0.002831, -0.097915, -0.115004, -0.988529, -1.2e-05, 0.0, 0.0, 0.0, 1.0],
                [0.996276, -0.015776, -0.084784, 0.124994, -0.004075, -0.990641, 0.136452, -0.00283, -0.086143, -0.135599, -0.987013, -1.2e-05, 0.0, 0.0, 0.0, 1.0],
                [0.997712, -0.014807, -0.065941, 0.124994, -0.003589, -0.985937, 0.167084, -0.002831, -0.067488, -0.166465, -0.983735, -1.2e-05, 0.0, 0.0, 0.0, 1.0],
                [0.999082, -0.01183, -0.041176, 0.124994, -0.00315, -0.978801, 0.204787, -0.00283, -0.042726, -0.204469, -0.97794, -1.2e-05, 0.0, 0.0, 0.0, 1.0],
                [0.999916, -0.005964, -0.011533, 0.124994, -0.002927, -0.968928, 0.247326, -0.002831, -0.01265, -0.247272, -0.968863, -1.2e-05, 0.0, 0.0, 0.0, 1.0],
                [0.999756, 0.003464, 0.021854, 0.124994, -0.003087, -0.956172, 0.292788, -0.002831, 0.021911, -0.292783, -0.955927, -1.2e-05, 0.0, 0.0, 0.0, 1.0],
                [0.998187, 0.016852, 0.057784, 0.124994, -0.003778, -0.940572, 0.339576, -0.00283, 0.060073, -0.33918, -0.938801, -1.2e-05, 0.0, 0.0, 0.0, 1.0],
                [0.994884, 0.034297, 0.095033, 0.124994, -0.005113, -0.922325, 0.386389, -0.002831, 0.100903, -0.384899, -0.917427, -1.2e-05, 0.0, 0.0, 0.0, 1.0],
                [0.989638, 0.055579, 0.132408, 0.124994, -0.007161, -0.901816, 0.432064, -0.00283, 0.143422, -0.428534, -0.89207, -1.2e-05, 0.0, 0.0, 0.0, 1.0],
                [0.982382, 0.08019, 0.168808, 0.124994, -0.009935, -0.879577, 0.475653, -0.002831, 0.186622, -0.46895, -0.863284, -1.2e-05, 0.0, 0.0, 0.0, 1.0],
                [0.973218, 0.107363, 0.203277, 0.124994, -0.013394, -0.856263, 0.516367, -0.002831, 0.229497, -0.505261, -0.83189, -1.2e-05, 0.0, 0.0, 0.0, 1.0],
                [0.962403, 0.136135, 0.235046, 0.124994, -0.017435, -0.832593, 0.553611, -0.00283, 0.271063, -0.536895, -0.798917, -1.2e-05, 0.0, 0.0, 0.0, 1.0],
                [0.950356, 0.165406, 0.263561, 0.124994, -0.021903, -0.809353, 0.586912, -0.00283, 0.310393, -0.563549, -0.765549, -1.2e-05, 0.0, 0.0, 0.0, 1.0],
                [0.937625, 0.194032, 0.288466, 0.124994, -0.026597, -0.787291, 0.616007, -0.002831, 0.346633, -0.585256, -0.733021, -1.2e-05, 0.0, 0.0, 0.0, 1.0],
                [0.924863, 0.220862, 0.30959, 0.124994, -0.031279, -0.767138, 0.640719, -0.00283, 0.379009, -0.602263, -0.702589, -1.2e-05, 0.0, 0.0, 0.0, 1.0],
                [0.912803, 0.244815, 0.326889, 0.124994, -0.035688, -0.749538, 0.661, -0.00283, 0.406837, -0.61503, -0.675442, -1.2e-05, 0.0, 0.0, 0.0, 1.0],
                [0.902201, 0.264896, 0.34039, 0.124994, -0.039553, -0.73505, 0.676859, -0.002831, 0.429501, -0.624127, -0.652683, -1.2e-05, 0.0, 0.0, 0.0, 1.0],
                [0.893808, 0.280207, 0.350133, 0.124994, -0.042606, -0.72417, 0.688304, -0.002831, 0.446423, -0.63013, -0.635328, -1.2e-05, 0.0, 0.0, 0.0, 1.0],
                [0.888331, 0.289942, 0.356093, 0.124994, -0.044595, -0.717322, 0.695313, -0.002831, 0.457033, -0.633549, -0.624289, -1.2e-05, 0.0, 0.0, 0.0, 1.0],
                [0.886389, 0.293345, 0.358139, 0.124994, -0.0453, -0.714944, 0.697713, -0.002831, 0.46072, -0.63467, -0.620429, -1.2e-05, 0.0, 0.0, 0.0, 1.0],
                [0.886389, 0.293346, 0.358139, 0.124994, -0.0453, -0.714944, 0.697713, -0.00283, 0.46072, -0.63467, -0.620429, -1.2e-05, 0.0, 0.0, 0.0, 1.0],
                [0.886389, 0.293344, 0.358139, 0.124994, -0.0453, -0.714946, 0.697711, -0.002831, 0.460719, -0.634668, -0.62043, -1.2e-05, 0.0, 0.0, 0.0, 1.0],
                [0.886389, 0.293346, 0.358139, 0.124994, -0.0453, -0.714944, 0.697715, -0.00283, 0.46072, -0.634672, -0.620429, -1.2e-05, 0.0, 0.0, 0.0, 1.0],
                [0.886389, 0.293345, 0.358139, 0.124994, -0.0453, -0.714946, 0.697711, -0.002831, 0.46072, -0.634668, -0.62043, -1.2e-05, 0.0, 0.0, 0.0, 1.0],
                [0.886389, 0.293346, 0.358139, 0.124994, -0.0453, -0.714944, 0.697714, -0.002831, 0.46072, -0.63467, -0.620429, -1.2e-05, 0.0, 0.0, 0.0, 1.0],
                [0.890364, 0.290193, 0.350769, 0.124994, -0.044227, -0.71172, 0.701069, -0.002831, 0.453094, -0.639722, -0.620854, -1.2e-05, 0.0, 0.0, 0.0, 1.0],
                [0.901407, 0.280754, 0.32961, 0.124994, -0.04099, -0.702517, 0.710485, -0.00283, 0.431028, -0.653948, -0.621746, -1.2e-05, 0.0, 0.0, 0.0, 1.0],
                [0.917782, 0.264643, 0.29604, 0.124994, -0.035375, -0.688081, 0.724773, -0.002831, 0.395504, -0.675657, -0.622145, -1.2e-05, 0.0, 0.0, 0.0, 1.0],
                [0.937322, 0.241226, 0.251473, 0.124994, -0.027009, -0.669196, 0.742595, -0.002831, 0.347418, -0.702842, -0.620736, -1.2e-05, 0.0, 0.0, 0.0, 1.0],
                [0.957559, 0.209966, 0.197474, 0.124994, -0.015457, -0.646716, 0.762574, -0.00283, 0.287824, -0.733262, -0.616023, -1.2e-05, 0.0, 0.0, 0.0, 1.0],
                [0.975912, 0.170697, 0.135863, 0.124994, -0.00034, -0.621562, 0.783366, -0.00283, 0.218165, -0.764543, -0.60653, -1.2e-05, 0.0, 0.0, 0.0, 1.0],
                [0.98992, 0.123817, 0.068757, 0.124994, 0.01856, -0.59471, 0.803726, -0.002831, 0.140405, -0.794349, -0.591013, -1.2e-05, 0.0, 0.0, 0.0, 1.0],
                [0.997522, 0.070364, -0.001453, 0.124994, 0.041206, -0.567183, 0.822561, -0.00283, 0.057054, -0.820581, -0.568675, -1.2e-05, 0.0, 0.0, 0.0, 1.0],
                [0.997316, 0.011978, -0.072231, 0.124994, 0.06725, -0.539982, 0.838986, -0.002831, -0.028954, -0.841593, -0.539337, -1.2e-05, 0.0, 0.0, 0.0, 1.0],
                [0.988771, -0.049256, -0.141084, 0.124994, 0.096019, -0.514009, 0.852394, -0.002831, -0.114504, -0.85637, -0.503508, -1.2e-05, 0.0, 0.0, 0.0, 1.0],
                [0.972276, -0.111052, -0.20578, 0.124994, 0.126577, -0.489996, 0.862486, -0.00283, -0.196612, -0.864623, -0.462354, -1.2e-05, 0.0, 0.0, 0.0, 1.0],
                [0.949063, -0.171172, -0.264539, 0.124994, 0.157808, -0.46846, 0.869277, -0.002831, -0.272722, -0.866745, -0.417585, -1.2e-05, 0.0, 0.0, 0.0, 1.0],
                [0.920992, -0.227644, -0.316153, 0.124994, 0.188546, -0.449694, 0.873056, -0.002831, -0.340918, -0.863687, -0.371242, -1.2e-05, 0.0, 0.0, 0.0, 1.0],
                [0.89029, -0.27889, -0.360008, 0.124994, 0.217668, -0.433784, 0.87433, -0.00283, -0.400007, -0.856769, -0.325488, -1.2e-05, 0.0, 0.0, 0.0, 1.0],
                [0.859277, -0.323755, -0.396014, 0.124994, 0.244178, -0.420672, 0.873735, -0.002831, -0.449468, -0.847478, -0.282419, -1.2e-05, 0.0, 0.0, 0.0, 1.0],
                [0.830163, -0.361464, -0.424469, 0.124994, 0.267234, -0.410204, 0.871963, -0.002831, -0.489303, -0.837304, -0.24394, -1.2e-05, 0.0, 0.0, 0.0, 1.0],
                [0.804923, -0.391509, -0.445893, 0.124994, 0.28614, -0.402204, 0.869686, -0.002831, -0.51983, -0.827618, -0.211717, -1.2e-05, 0.0, 0.0, 0.0, 1.0],
                [0.785254, -0.413527, -0.460838, 0.124994, 0.300314, -0.396503, 0.867524, -0.002831, -0.541468, -0.819624, -0.187168, -1.2e-05, 0.0, 0.0, 0.0, 1.0],
                [0.772591, -0.427145, -0.469734, 0.124994, 0.309229, -0.393011, 0.86598, -0.00283, -0.554509, -0.814304, -0.171551, -1.2e-05, 0.0, 0.0, 0.0, 1.0],
                [0.768145, -0.431857, -0.472709, 0.124994, 0.312351, -0.391727, 0.865441, -0.002831, -0.558919, -0.812435, -0.166012, -1.2e-05, 0.0, 0.0, 0.0, 1.0],
                [0.769278, -0.431095, -0.471561, 0.124994, 0.311302, -0.391628, 0.865863, -0.002831, -0.557945, -0.812887, -0.16707, -1.2e-05, 0.0, 0.0, 0.0, 1.0],
                [0.772532, -0.428795, -0.468327, 0.124994, 0.308228, -0.391593, 0.866978, -0.002831, -0.555149, -0.81412, -0.170352, -1.2e-05, 0.0, 0.0, 0.0, 1.0],
                [0.777723, -0.425006, -0.463162, 0.124994, 0.303341, -0.391599, 0.868698, -0.002831, -0.550574, -0.816102, -0.175634, -1.2e-05, 0.0, 0.0, 0.0, 1.0],
                [0.784649, -0.419767, -0.456204, 0.124994, 0.296852, -0.391631, 0.870922, -0.002831, -0.544248, -0.818793, -0.182684, -1.2e-05, 0.0, 0.0, 0.0, 1.0],
                [0.793098, -0.413114, -0.447584, 0.124994, 0.288966, -0.391678, 0.873548, -0.00283, -0.536184, -0.822147, -0.191263, -1.2e-05, 0.0, 0.0, 0.0, 1.0],
                [0.802853, -0.405075, -0.437426, 0.124994, 0.279893, -0.391729, 0.876474, -0.002831, -0.526391, -0.826113, -0.201123, -1.2e-05, 0.0, 0.0, 0.0, 1.0],
                [0.81369, -0.395671, -0.425858, 0.124994, 0.269842, -0.391782, 0.879599, -0.002831, -0.514875, -0.830634, -0.21202, -1.2e-05, 0.0, 0.0, 0.0, 1.0],
                [0.825384, -0.384919, -0.413014, 0.124994, 0.259024, -0.391834, 0.882821, -0.00283, -0.501648, -0.835646, -0.22371, -1.2e-05, 0.0, 0.0, 0.0, 1.0],
                [0.837716, -0.372835, -0.399033, 0.124994, 0.247654, -0.391873, 0.886061, -0.00283, -0.486725, -0.841089, -0.235944, -1.2e-05, 0.0, 0.0, 0.0, 1.0],
                [0.850471, -0.359434, -0.384066, 0.124994, 0.235953, -0.391886, 0.889243, -0.002831, -0.470133, -0.846897, -0.248478, -1.2e-05, 0.0, 0.0, 0.0, 1.0],
                [0.863322, -0.343888, -0.369346, 0.124994, 0.223813, -0.395057, 0.890977, -0.002831, -0.452309, -0.851864, -0.264094, -1.2e-05, 0.0, 0.0, 0.0, 1.0],
                [0.876014, -0.325635, -0.355754, 0.124994, 0.211103, -0.404327, 0.889919, -0.002831, -0.433629, -0.854683, -0.285454, -1.2e-05, 0.0, 0.0, 0.0, 1.0],
                [0.888452, -0.305071, -0.342906, 0.124994, 0.198003, -0.419257, 0.886014, -0.002831, -0.414062, -0.855077, -0.312084, -1.2e-05, 0.0, 0.0, 0.0, 1.0],
                [0.90054, -0.282576, -0.330422, 0.124994, 0.184694, -0.439367, 0.879117, -0.002831, -0.393594, -0.852707, -0.343477, -1.2e-05, 0.0, 0.0, 0.0, 1.0],
                [0.912183, -0.258527, -0.317939, 0.124994, 0.171356, -0.464134, 0.869032, -0.002831, -0.372235, -0.847198, -0.379075, -1.2e-05, 0.0, 0.0, 0.0, 1.0],
                [0.923291, -0.233314, -0.305121, 0.124994, 0.158165, -0.492962, 0.855555, -0.002831, -0.350025, -0.838185, -0.418245, -1.2e-05, 0.0, 0.0, 0.0, 1.0],
                [0.933776, -0.207326, -0.291682, 0.124994, 0.145295, -0.525225, 0.838468, -0.002831, -0.327035, -0.825321, -0.460318, -1.2e-05, 0.0, 0.0, 0.0, 1.0],
                [0.94356, -0.180974, -0.277387, 0.124994, 0.132907, -0.560229, 0.817605, -0.00283, -0.303366, -0.808326, -0.504557, -1.2e-05, 0.0, 0.0, 0.0, 1.0],
                [0.952573, -0.154675, -0.262069, 0.124994, 0.121152, -0.59724, 0.79286, -0.002831, -0.279154, -0.787008, -0.550175, -1.2e-05, 0.0, 0.0, 0.0, 1.0],
                [0.960762, -0.12884, -0.245641, 0.124994, 0.110164, -0.635502, 0.7642, -0.002831, -0.254565, -0.761275, -0.596371, -1.2e-05, 0.0, 0.0, 0.0, 1.0],
                [0.968082, -0.103876, -0.228093, 0.124994, 0.100054, -0.674238, 0.731707, -0.00283, -0.229795, -0.731174, -0.642324, -1.2e-05, 0.0, 0.0, 0.0, 1.0],
                [0.974517, -0.080161, -0.209501, 0.124994, 0.090908, -0.712687, 0.695567, -0.002831, -0.205066, -0.696887, -0.687238, -1.2e-05, 0.0, 0.0, 0.0, 1.0],
                [0.980064, -0.05804, -0.190023, 0.124994, 0.082787, -0.750123, 0.656097, -0.00283, -0.180621, -0.658747, -0.730362, -1.2e-05, 0.0, 0.0, 0.0, 1.0],
                [0.984737, -0.037803, -0.169894, 0.124994, 0.075718, -0.785871, 0.61374, -0.002831, -0.156716, -0.617238, -0.771011, -1.2e-05, 0.0, 0.0, 0.0, 1.0],
                [0.988579, -0.019678, -0.149414, 0.124994, 0.069699, -0.819333, 0.569066, -0.002831, -0.133618, -0.572982, -0.808603, -1.2e-05, 0.0, 0.0, 0.0, 1.0],
                [0.991646, -0.003816, -0.128937, 0.124994, 0.064699, -0.850026, 0.522752, -0.002831, -0.111595, -0.526728, -0.842676, -1.2e-05, 0.0, 0.0, 0.0, 1.0],
                [0.99401, 0.009707, -0.10886, 0.124994, 0.060658, -0.877559, 0.475618, -0.002831, -0.090914, -0.479373, -0.87289, -1.2e-05, 0.0, 0.0, 0.0, 1.0],
                [0.995759, 0.020905, -0.089602, 0.124994, 0.057493, -0.901684, 0.428556, -0.002831, -0.071834, -0.43189, -0.89906, -1.2e-05, 0.0, 0.0, 0.0, 1.0],
                [0.996986, 0.029864, -0.071595, 0.124994, 0.055103, -0.922257, 0.38263, -0.00283, -0.054602, -0.385423, -0.921122, -1.2e-05, 0.0, 0.0, 0.0, 1.0],
                [0.997795, 0.03675, -0.05527, 0.124994, 0.053373, -0.939259, 0.33903, -0.002831, -0.039454, -0.341232, -0.939151, -1.2e-05, 0.0, 0.0, 0.0, 1.0],
                [0.998283, 0.04179, -0.04105, 0.124994, 0.052185, -0.952789, 0.299116, -0.00283, -0.026612, -0.300744, -0.953333, -1.2e-05, 0.0, 0.0, 0.0, 1.0],
                [0.998544, 0.045257, -0.029344, 0.124994, 0.05142, -0.963005, 0.264539, -0.002831, -0.016286, -0.265663, -0.963929, -1.2e-05, 0.0, 0.0, 0.0, 1.0],
                [0.998663, 0.047445, -0.020546, 0.124994, 0.05097, -0.970111, 0.237248, -0.002831, -0.008676, -0.237978, -0.971232, -1.2e-05, 0.0, 0.0, 0.0, 1.0],
                [0.998705, 0.04863, -0.015027, 0.124994, 0.050743, -0.974321, 0.219379, -0.002831, -0.003973, -0.219857, -0.975524, -1.2e-05, 0.0, 0.0, 0.0, 1.0],
                [0.998712, 0.049005, -0.013123, 0.124994, 0.050677, -0.97573, 0.213039, -0.002831, -0.002364, -0.21343, -0.976956, -1.2e-05, 0.0, 0.0, 0.0, 1.0],
                [0.998712, 0.049005, -0.013123, 0.124994, 0.050677, -0.97573, 0.213039, -0.002831, -0.002364, -0.21343, -0.976956, -1.2e-05, 0.0, 0.0, 0.0, 1.0],
                [0.998712, 0.049005, -0.013123, 0.124994, 0.050677, -0.97573, 0.213037, -0.002831, -0.002364, -0.213429, -0.976956, -1.2e-05, 0.0, 0.0, 0.0, 1.0],
                [0.998712, 0.049005, -0.013123, 0.124994, 0.050677, -0.97573, 0.213039, -0.002831, -0.002364, -0.21343, -0.976956, -1.2e-05, 0.0, 0.0, 0.0, 1.0],
                [0.998712, 0.049005, -0.013123, 0.124994, 0.050677, -0.97573, 0.213039, -0.002831, -0.002364, -0.21343, -0.976956, -1.2e-05, 0.0, 0.0, 0.0, 1.0],
                [0.998712, 0.049005, -0.013123, 0.124994, 0.050677, -0.97573, 0.213037, -0.002831, -0.002364, -0.213429, -0.976956, -1.2e-05, 0.0, 0.0, 0.0, 1.0]
            ]
        },
        {
            "name": "Leg_R",
            "time": [0.0, 0.01, 0.02, 0.03, 0.04, 0.05, 0.06, 0.07, 0.08, 0.09, 0.1, 0.11, 0.12, 0.13, 0.14, 0.15, 0.16, 0.17, 0.18, 0.19, 0.2, 0.21, 0.22, 0.23, 0.24, 0.25, 0.26, 0.27, 0.28, 0.29, 0.3, 0.31, 0.32, 0.33, 0.34, 0.35, 0.36, 0.37, 0.38, 0.39, 0.4, 0.41, 0.42, 0.43, 0.44, 0.45, 0.46, 0.47, 0.48, 0.49, 0.5, 0.51, 0.52, 0.53, 0.54, 0.55, 0.56, 0.57, 0.58, 0.59, 0.6, 0.61, 0.62, 0.63, 0.64, 0.65, 0.66, 0.67, 0.68, 0.69, 0.7, 0.71, 0.72, 0.73, 0.74, 0.75, 0.76, 0.77, 0.78, 0.79, 0.8, 0.81, 0.82, 0.83, 0.84, 0.85],
            "transform": [
                [0.999998, -0.0, 1e-06, 0.0, -0.0, 0.967925, 0.251194, 0.374726, -1e-06, -0.251189, 0.967947, -0.0, 0.0, 0.0, 0.0, 1.0],
                [1.0, -0.0, 1e-06, -0.0, -0.0, 0.965914, 0.258843, 0.374726, -1e-06, -0.258841, 0.965924, 0.0, 0.0, 0.0, 0.0, 1.0],
                [0.999999, -0.0, 1e-06, 0.0, -0.0, 0.96038, 0.27866, 0.374726, -1e-06, -0.278657, 0.960397, 0.0, 0.0, 0.0, 0.0, 1.0],
                [1.000001, -0.0, 1e-06, -0.0, -0.0, 0.951815, 0.306658, 0.374726, -1e-06, -0.306656, 0.951823, -0.0, 0.0, 0.0, 0.0, 1.0],
                [1.0, -0.0, 1e-06, -0.0, -0.0, 0.94103, 0.338318, 0.374726, -1e-06, -0.338318, 0.941031, -0.0, 0.0, 0.0, 0.0, 1.0],
                [1.0, -0.0, 1e-06, -0.0, -0.0, 0.928657, 0.370935, 0.374726, -1e-06, -0.370933, 0.928661, -0.0, 0.0, 0.0, 0.0, 1.0],
                [0.999999, -0.0, 1e-06, 0.0, -0.0, 0.9154, 0.402541, 0.374726, -1e-06, -0.40254, 0.915403, 0.0, 0.0, 0.0, 0.0, 1.0],
                [1.000001, -0.0, 1e-06, 0.0, -0.0, 0.901926, 0.431876, 0.374726, -1e-06, -0.431871, 0.901942, -0.0, 0.0, 0.0, 0.0, 1.0],
                [0.999999, -0.0, 1e-06, -0.0, -0.0, 0.88882, 0.458245, 0.374726, -1e-06, -0.45824, 0.888834, 0.0, 0.0, 0.0, 0.0, 1.0],
                [1.0, -0.0, 1e-06, -0.0, -0.0, 0.876618, 0.481185, 0.374726, -1e-06, -0.481184, 0.876622, 0.0, 0.0, 0.0, 0.0, 1.0],
                [1.0, -0.0, 1e-06, -0.0, -0.0, 0.865715, 0.500535, 0.374726, -1e-06, -0.500535, 0.865715, 0.0, 0.0, 0.0, 0.0, 1.0],
                [1.000001, -0.0, 1e-06, 0.0, -0.0, 0.856419, 0.516274, 0.374726, -1e-06, -0.516269, 0.856432, -0.0, 0.0, 0.0, 0.0, 1.0],
                [1.0, -0.0, 1e-06, -0.0, -0.0, 0.848909, 0.528535, 0.374726, -1e-06, -0.528535, 0.848911, -0.0, 0.0, 0.0, 0.0, 1.0],
                [1.000001, -0.0, 1e-06, -0.0, -0.0, 0.843247, 0.53752, 0.374726, -1e-06, -0.537516, 0.843259, 0.0, 0.0, 0.0, 0.0, 1.0],
                [1.0, -0.0, 1e-06, 0.0, -0.0, 0.839343, 0.543597, 0.374726, -1e-06, -0.543594, 0.839351, -0.0, 0.0, 0.0, 0.0, 1.0],
                [1.000001, -0.0, 1e-06, -0.0, -0.0, 0.837016, 0.547175, 0.374726, -1e-06, -0.547172, 0.837023, -0.0, 0.0, 0.0, 0.0, 1.0],
                [1.000001, -0.0, 1e-06, -0.0, -0.0, 0.835956, 0.548791, 0.374726, -1e-06, -0.548786, 0.835967, 0.0, 0.0, 0.0, 0.0, 1.0],
                [0.999999, -0.0, 1e-06, -0.0, -0.0, 0.835788, 0.549047, 0.374726, -1e-06, -0.549045, 0.835795, -0.0, 0.0, 0.0, 0.0, 1.0],
                [1.0, -0.0, 1e-06, -0.0, -0.0, 0.836103, 0.548567, 0.374726, -1e-06, -0.548564, 0.83611, -0.0, 0.0, 0.0, 0.0, 1.0],
                [1.000001, -0.0, 1e-06, -0.0, -0.0, 0.836496, 0.54797, 0.374726, -1e-06, -0.547968, 0.836502, 0.0, 0.0, 0.0, 0.0, 1.0],
                [1.0, -0.0, 1e-06, -0.0, -0.0, 0.836674, 0.547697, 0.374726, -1e-06, -0.547694, 0.836682, 0.0, 0.0, 0.0, 0.0, 1.0],
                [1.000001, -0.0, 1e-06, 0.0, -0.0, 0.836673, 0.547698, 0.374726, -1e-06, -0.547695, 0.836681, 0.0, 0.0, 0.0, 0.0, 1.0],
                [1.0, -0.0, 1e-06, -0.0, -0.0, 0.836675, 0.547694, 0.374726, -1e-06, -0.547691, 0.836684, 0.0, 0.0, 0.0, 0.0, 1.0],
                [1.0, -0.0, 1e-06, 0.0, -0.0, 0.83667, 0.547701, 0.374726, -1e-06, -0.547697, 0.83668, 0.0, 0.0, 0.0, 0.0, 1.0],
                [1.0, -0.0, 1e-06, -0.0, -0.0, 0.836674, 0.547695, 0.374726, -1e-06, -0.547691, 0.836684, -0.0, 0.0, 0.0, 0.0, 1.0],
                [0.999999, -0.0, 1e-06, -0.0, -0.0, 0.836672, 0.547698, 0.374726, -1e-06, -0.547695, 0.83668, 0.0, 0.0, 0.0, 0.0, 1.0],
                [1.0, -0.0, 1e-06, -0.0, -0.0, 0.83435, 0.55123, 0.374726, -1e-06, -0.551227, 0.834358, -0.0, 0.0, 0.0, 0.0, 1.0],
                [1.000001, -0.0, 1e-06, 0.0, -0.0, 0.827814, 0.560999, 0.374726, -1e-06, -0.560997, 0.827818, -0.0, 0.0, 0.0, 0.0, 1.0],
                [1.000001, -0.0, 1e-06, 0.0, -0.0, 0.817841, 0.575439, 0.374726, -1e-06, -0.575435, 0.817852, 0.0, 0.0, 0.0, 0.0, 1.0],
                [1.0, -0.0, 1e-06, 0.0, -0.0, 0.805322, 0.592836, 0.374726, -1e-06, -0.592833, 0.805328, 0.0, 0.0, 0.0, 0.0, 1.0],
                [1.000001, -0.0, 1e-06, -0.0, -0.0, 0.79116, 0.611609, 0.374726, -1e-06, -0.611608, 0.791161, -0.0, 0.0, 0.0, 0.0, 1.0],
                [1.000001, -0.0, 1e-06, -0.0, -0.0, 0.776216, 0.630464, 0.374726, -1e-06, -0.630459, 0.776225, 0.0, 0.0, 0.0, 0.0, 1.0],
                [1.000001, -0.0, 1e-06, -0.0, -0.0, 0.761249, 0.648458, 0.374726, -1e-06, -0.648454, 0.761255, -0.0, 0.0, 0.0, 0.0, 1.0],
                [1.000001, -0.0, 1e-06, -0.0, -0.0, 0.746842, 0.665002, 0.374726, -1e-06, -0.665, 0.746845, 0.0, 0.0, 0.0, 0.0, 1.0],
                [1.000001, -1e-06, 1e-06, -0.0, -0.0, 0.733394, 0.679802, 0.374726, -1e-06, -0.679799, 0.7334, 0.0, 0.0, 0.0, 0.0, 1.0],
                [1.0, -1e-06, 1e-06, 0.0, -0.0, 0.721126, 0.692803, 0.374726, -1e-06, -0.692802, 0.721129, -0.0, 0.0, 0.0, 0.0, 1.0],
                [1.000001, -1e-06, 1e-06, 0.0, -0.0, 0.710078, 0.704123, 0.374726, -1e-06, -0.704121, 0.710082, -0.0, 0.0, 0.0, 0.0, 1.0],
                [1.0, -1e-06, 1e-06, -0.0, -0.0, 0.700197, 0.71395, 0.374726, -1e-06, -0.713948, 0.700199, -0.0, 0.0, 0.0, 0.0, 1.0],
                [1.000001, -1e-06, 1e-06, 0.0, -0.0, 0.691381, 0.722489, 0.374726, -1e-06, -0.722488, 0.691384, 0.0, 0.0, 0.0, 0.0, 1.0],
                [1.0, -1e-06, 1e-06, -0.0, -0.0, 0.683541, 0.729912, 0.374726, -1e-06, -0.72991, 0.683544, 0.0, 0.0, 0.0, 0.0, 1.0],
                [1.0, -1e-06, 1e-06, 0.0, -0.0, 0.676634, 0.736319, 0.374726, -1e-06, -0.736317, 0.676636, -0.0, 0.0, 0.0, 0.0, 1.0],
                [1.0, -1e-06, 1e-06, -0.0, -0.0, 0.670685, 0.741742, 0.374726, -1e-06, -0.74174, 0.670689, -0.0, 0.0, 0.0, 0.0, 1.0],
                [1.0, -1e-06, 1e-06, 0.0, -0.0, 0.665792, 0.746137, 0.374726, -1e-06, -0.746135, 0.665794, 0.0, 0.0, 0.0, 0.0, 1.0],
                [1.0, -1e-06, 1e-06, -0.0, -0.0, 0.66208, 0.749432, 0.374726, -1e-06, -0.749431, 0.662083, -0.0, 0.0, 0.0, 0.0, 1.0],
                [1.000001, -0.0, 1e-06, -0.0, -0.0, 0.65974, 0.751495, 0.374726, -1e-06, -0.751493, 0.659741, -0.0, 0.0, 0.0, 0.0, 1.0],
                [1.0, -1e-06, 1e-06, 0.0, -0.0, 0.658946, 0.752191, 0.374726, -1e-06, -0.752191, 0.658946, -0.0, 0.0, 0.0, 0.0, 1.0],
                [0.999999, -1e-06, 1e-06, -0.0, -0.0, 0.658757, 0.752354, 0.374726, -1e-06, -0.752355, 0.658757, 0.0, 0.0, 0.0, 0.0, 1.0],
                [1.0, -1e-06, 1e-06, -0.0, -0.0, 0.658104, 0.752927, 0.374726, -1e-06, -0.752927, 0.658105, -0.0, 0.0, 0.0, 0.0, 1.0],
                [1.0, -1e-06, 1e-06, 0.0, -0.0, 0.656982, 0.753906, 0.374726, -1e-06, -0.753906, 0.656982, -0.0, 0.0, 0.0, 0.0, 1.0],
                [1.0, -1e-06, 1e-06, 0.0, -0.0, 0.655389, 0.755292, 0.374726, -1e-06, -0.755291, 0.655389, -0.0, 0.0, 0.0, 0.0, 1.0],
                [1.0, -1e-06, 1e-06, 0.0, -0.0, 0.653318, 0.757082, 0.374726, -1e-06, -0.757082, 0.65332, 0.0, 0.0, 0.0, 0.0, 1.0],
                [1.000001, -1e-06, 1e-06, 0.0, -0.0, 0.650761, 0.759282, 0.374726, -1e-06, -0.759281, 0.650764, -0.0, 0.0, 0.0, 0.0, 1.0],
                [1.000001, -1e-06, 1e-06, -0.0, -0.0, 0.647713, 0.761883, 0.374726, -1e-06, -0.761882, 0.647715, 0.0, 0.0, 0.0, 0.0, 1.0],
                [1.000001, -1e-06, 1e-06, 0.0, -0.0, 0.64418, 0.764874, 0.374726, -1e-06, -0.764874, 0.64418, 0.0, 0.0, 0.0, 0.0, 1.0],
                [1.000001, -1e-06, 1e-06, 0.0, -0.0, 0.640139, 0.768259, 0.374726, -1e-06, -0.768257, 0.640142, 0.0, 0.0, 0.0, 0.0, 1.0],
                [1.0, -1e-06, 1e-06, -0.0, -0.0, 0.635587, 0.772028, 0.374726, -1e-06, -0.772026, 0.63559, -0.0, 0.0, 0.0, 0.0, 1.0],
                [0.999999, -1e-06, 1e-06, 0.0, -0.0, 0.631791, 0.775139, 0.374726, -1e-06, -0.77514, 0.63179, 0.0, 0.0, 0.0, 0.0, 1.0],
                [1.000001, -1e-06, 1e-06, -0.0, -0.0, 0.63004, 0.776563, 0.374726, -1e-06, -0.776562, 0.630041, -0.0, 0.0, 0.0, 0.0, 1.0],
                [1.0, -1e-06, 1e-06, -0.0, -0.0, 0.63034, 0.776319, 0.374726, -1e-06, -0.776317, 0.630342, -0.0, 0.0, 0.0, 0.0, 1.0],
                [1.0, -1e-06, 1e-06, 0.0, -0.0, 0.63272, 0.774382, 0.374726, -1e-06, -0.77438, 0.632722, -0.0, 0.0, 0.0, 0.0, 1.0],
                [1.0, -1e-06, 1e-06, -0.0, -0.0, 0.637212, 0.770688, 0.374726, -1e-06, -0.770685, 0.637215, 0.0, 0.0, 0.0, 0.0, 1.0],
                [1.0, -1e-06, 1e-06, 0.0, -0.0, 0.643822, 0.765177, 0.374726, -1e-06, -0.765176, 0.643823, 0.0, 0.0, 0.0, 0.0, 1.0],
                [1.000001, -1e-06, 1e-06, 0.0, -0.0, 0.652572, 0.757728, 0.374726, -1e-06, -0.757726, 0.652575, 0.0, 0.0, 0.0, 0.0, 1.0],
                [1.000002, -1e-06, 1e-06, 0.0, -0.0, 0.663444, 0.748226, 0.374726, -1e-06, -0.748225, 0.663445, -0.0, 0.0, 0.0, 0.0, 1.0],
                [1.0, -1e-06, 1e-06, -0.0, -0.0, 0.676385, 0.736548, 0.374726, -1e-06, -0.736546, 0.676387, -0.0, 0.0, 0.0, 0.0, 1.0],
                [1.0, -1e-06, 1e-06, -0.0, -0.0, 0.691326, 0.722543, 0.374726, -1e-06, -0.72254, 0.691331, 0.0, 0.0, 0.0, 0.0, 1.0],
                [1.0, -1e-06, 1e-06, 0.0, -0.0, 0.708134, 0.706077, 0.374726, -1e-06, -0.706076, 0.708136, -0.0, 0.0, 0.0, 0.0, 1.0],
                [1.0, -1e-06, 1e-06, -0.0, -0.0, 0.726637, 0.687021, 0.374726, -1e-06, -0.68702, 0.726638, -0.0, 0.0, 0.0, 0.0, 1.0],
                [1.0, -0.0, 1e-06, 0.0, -0.0, 0.7466, 0.665272, 0.374726, -1e-06, -0.665268, 0.746606, 0.0, 0.0, 0.0, 0.0, 1.0],
                [1.0, -0.0, 1e-06, -0.0, -0.0, 0.767731, 0.640769, 0.374726, -1e-06, -0.640761, 0.767744, -0.0, 0.0, 0.0, 0.0, 1.0],
                [1.0, -0.0, 1e-06, 0.0, -0.0, 0.789689, 0.613504, 0.374726, -1e-06, -0.613502, 0.789694, -0.0, 0.0, 0.0, 0.0, 1.0],
                [1.0, -0.0, 1e-06, 0.0, -0.0, 0.812068, 0.583559, 0.374726, -1e-06, -0.583553, 0.81208, -0.0, 0.0, 0.0, 0.0, 1.0],
                [1.0, -0.0, 1e-06, 0.0, -0.0, 0.834402, 0.551153, 0.374726, -1e-06, -0.551151, 0.834406, 0.0, 0.0, 0.0, 0.0, 1.0],
                [1.0, -0.0, 1e-06, 0.0, -0.0, 0.856208, 0.516626, 0.374726, -1e-06, -0.516625, 0.856212, 0.0, 0.0, 0.0, 0.0, 1.0],
                [1.000001, -0.0, 1e-06, -0.0, -0.0, 0.876924, 0.480625, 0.374726, -1e-06, -0.480623, 0.876931, 0.0, 0.0, 0.0, 0.0, 1.0],
