{
    "animation": [
        {
            "name": "Root",
            "time": [0.0, 0.01, 0.02, 0.03, 0.04, 0.05, 0.06, 0.07, 0.08, 0.09, 0.1, 0.11, 0.12, 0.13, 0.14, 0.15, 0.16, 0.17, 0.18, 0.19, 0.2, 0.21, 0.22, 0.23, 0.24, 0.25, 0.26, 0.27, 0.28, 0.29, 0.3, 0.31, 0.32, 0.33, 0.34, 0.35, 0.36, 0.37, 0.38, 0.39, 0.4, 0.41, 0.42, 0.43, 0.44, 0.45, 0.46, 0.47, 0.48, 0.49, 0.5, 0.51, 0.52, 0.53, 0.54, 0.55, 0.56, 0.57, 0.58, 0.59, 0.6, 0.61, 0.62, 0.63, 0.64, 0.65, 0.66, 0.67, 0.68, 0.69, 0.7, 0.71, 0.72, 0.73, 0.74, 0.75, 0.76, 0.77, 0.78, 0.79, 0.8, 0.81, 0.82, 0.83, 0.84, 0.85, 0.86, 0.87, 0.88, 0.89, 0.9, 0.91, 0.92, 0.93, 0.94, 0.95, 0.96, 0.97, 0.98, 0.99, 1.0, 1.01, 1.02, 1.03, 1.04, 1.05],
            "transform": [
                [0.994801, -0.004369, -0.101749, 0.000795, -0.101768, -0.004339, -0.994799, 0.024047, 0.003904, 0.999981, -0.004761, 0.757389, 0.0, 0.0, 0.0, 1.0],
                [0.994763, -0.00441, -0.102108, 0.000478, -0.102121, -0.00279, -0.994768, 0.027026, 0.004102, 0.999986, -0.003226, 0.755833, 0.0, 0.0, 0.0, 1.0],
                [0.994657, -0.004525, -0.103137, -0.000429, -0.103131, 0.001645, -0.994666, 0.035554, 0.004671, 0.999988, 0.00117, 0.75138, 0.0, 0.0, 0.0, 1.0],
                [0.994486, -0.004698, -0.104763, -0.00186, -0.104719, 0.008648, -0.994464, 0.049013, 0.005578, 0.999952, 0.008108, 0.744352, 0.0, 0.0, 0.0, 1.0],
                [0.994256, -0.004908, -0.106911, -0.003751, -0.106808, 0.017899, -0.994119, 0.066788, 0.006793, 0.999828, 0.017272, 0.73507, 0.0, 0.0, 0.0, 1.0],
                [0.993972, -0.005135, -0.10951, -0.006035, -0.109316, 0.029079, -0.993582, 0.088261, 0.008287, 0.999564, 0.028342, 0.723857, 0.0, 0.0, 0.0, 1.0],
                [0.993639, -0.00536, -0.112485, -0.008647, -0.112165, 0.041865, -0.992807, 0.112816, 0.010031, 0.999109, 0.040998, 0.711034, 0.0, 0.0, 0.0, 1.0],
                [0.993261, -0.005563, -0.115762, -0.011521, -0.115273, 0.055934, -0.991758, 0.139837, 0.011992, 0.998419, 0.054916, 0.696924, 0.0, 0.0, 0.0, 1.0],
                [0.992846, -0.005728, -0.119265, -0.014592, -0.118563, 0.07096, -0.990408, 0.168708, 0.014136, 0.997463, 0.069773, 0.681848, 0.0, 0.0, 0.0, 1.0],
                [0.992399, -0.005844, -0.122921, -0.017793, -0.121958, 0.086615, -0.988749, 0.198811, 0.016425, 0.996225, 0.085244, 0.666128, 0.0, 0.0, 0.0, 1.0],
                [0.99193, -0.005903, -0.126651, -0.021061, -0.125384, 0.10257, -0.986792, 0.229531, 0.018815, 0.994708, 0.101002, 0.650086, 0.0, 0.0, 0.0, 1.0],
                [0.991447, -0.005901, -0.130379, -0.024328, -0.12877, 0.1185, -0.984569, 0.260251, 0.02126, 0.992937, 0.116726, 0.634044, 0.0, 0.0, 0.0, 1.0],
                [0.99096, -0.005841, -0.134031, -0.02753, -0.132047, 0.134078, -0.982134, 0.290354, 0.023707, 0.990954, 0.132095, 0.618324, 0.0, 0.0, 0.0, 1.0],
                [0.990481, -0.005729, -0.137529, -0.030601, -0.13515, 0.148983, -0.97956, 0.319225, 0.026101, 0.988823, 0.146791, 0.603248, 0.0, 0.0, 0.0, 1.0],
                [0.990023, -0.005576, -0.140798, -0.033475, -0.13802, 0.162897, -0.976941, 0.346246, 0.028383, 0.986627, 0.160503, 0.589138, 0.0, 0.0, 0.0, 1.0],
                [0.989597, -0.005397, -0.143764, -0.036087, -0.140597, 0.175508, -0.974387, 0.370801, 0.030491, 0.984463, 0.172924, 0.576315, 0.0, 0.0, 0.0, 1.0],
                [0.989219, -0.005209, -0.146354, -0.038371, -0.142827, 0.186507, -0.972016, 0.392274, 0.032359, 0.98244, 0.183752, 0.565102, 0.0, 0.0, 0.0, 1.0],
                [0.9889, -0.005031, -0.148494, -0.040262, -0.144655, 0.19559, -0.969958, 0.410049, 0.033924, 0.980673, 0.192691, 0.55582, 0.0, 0.0, 0.0, 1.0],
                [0.988657, -0.004884, -0.150112, -0.041693, -0.146028, 0.202453, -0.968343, 0.423508, 0.03512, 0.97928, 0.199443, 0.548792, 0.0, 0.0, 0.0, 1.0],
                [0.988501, -0.004784, -0.151137, -0.0426, -0.146894, 0.206795, -0.967294, 0.432036, 0.035882, 0.978373, 0.203714, 0.544339, 0.0, 0.0, 0.0, 1.0],
                [0.988447, -0.004748, -0.151494, -0.042917, -0.147195, 0.208311, -0.966923, 0.435015, 0.036149, 0.978051, 0.205205, 0.542783, 0.0, 0.0, 0.0, 1.0],
                [0.988447, -0.004748, -0.151494, -0.042917, -0.147195, 0.208311, -0.966923, 0.435015, 0.036149, 0.978051, 0.205205, 0.542783, 0.0, 0.0, 0.0, 1.0],
                [0.988447, -0.004748, -0.151494, -0.042917, -0.147195, 0.208311, -0.966923, 0.435015, 0.036149, 0.978051, 0.205205, 0.542783, 0.0, 0.0, 0.0, 1.0],
                [0.988447, -0.004748, -0.151494, -0.042917, -0.147195, 0.208311, -0.966923, 0.435015, 0.036149, 0.978051, 0.205205, 0.542783, 0.0, 0.0, 0.0, 1.0],
                [0.988447, -0.004748, -0.151494, -0.042917, -0.147195, 0.208311, -0.966923, 0.435015, 0.036149, 0.978051, 0.205205, 0.542783, 0.0, 0.0, 0.0, 1.0],
                [0.988447, -0.004748, -0.151494, -0.042917, -0.147195, 0.208311, -0.966923, 0.435015, 0.036149, 0.978051, 0.205205, 0.542783, 0.0, 0.0, 0.0, 1.0],
                [0.988447, -0.004748, -0.151494, -0.042917, -0.147195, 0.208311, -0.966923, 0.435015, 0.036149, 0.978051, 0.205205, 0.542783, 0.0, 0.0, 0.0, 1.0],
                [0.988447, -0.004748, -0.151494, -0.042917, -0.147195, 0.208311, -0.966923, 0.435015, 0.036149, 0.978051, 0.205205, 0.542783, 0.0, 0.0, 0.0, 1.0],
                [0.988447, -0.004748, -0.151494, -0.042917, -0.147195, 0.208311, -0.966923, 0.435015, 0.036149, 0.978051, 0.205205, 0.542783, 0.0, 0.0, 0.0, 1.0],
                [0.988447, -0.004748, -0.151494, -0.042917, -0.147195, 0.208311, -0.966923, 0.435015, 0.036149, 0.978051, 0.205205, 0.542783, 0.0, 0.0, 0.0, 1.0],
                [0.988447, -0.004748, -0.151494, -0.042917, -0.147195, 0.208311, -0.966923, 0.435015, 0.036149, 0.978051, 0.205205, 0.542783, 0.0, 0.0, 0.0, 1.0],
                [0.988447, -0.004748, -0.151494, -0.042917, -0.147195, 0.208311, -0.966923, 0.435015, 0.036149, 0.978051, 0.205205, 0.542783, 0.0, 0.0, 0.0, 1.0],
                [0.988447, -0.004748, -0.151494, -0.042917, -0.147195, 0.208311, -0.966923, 0.435015, 0.036149, 0.978051, 0.205205, 0.542783, 0.0, 0.0, 0.0, 1.0],
                [0.988447, -0.004748, -0.151494, -0.042917, -0.147195, 0.208311, -0.966923, 0.435015, 0.036149, 0.978051, 0.205205, 0.542783, 0.0, 0.0, 0.0, 1.0],
                [0.988447, -0.004748, -0.151494, -0.042917, -0.147195, 0.208311, -0.966923, 0.435015, 0.036149, 0.978051, 0.205205, 0.542783, 0.0, 0.0, 0.0, 1.0],
                [0.988447, -0.004748, -0.151494, -0.042917, -0.147195, 0.208311, -0.966923, 0.435015, 0.036149, 0.978051, 0.205205, 0.542783, 0.0, 0.0, 0.0, 1.0],
                [0.988419, -0.005716, -0.151643, -0.043166, -0.147744, 0.191874, -0.970235, 0.4301, 0.034643, 0.981403, 0.188808, 0.547538, 0.0, 0.0, 0.0, 1.0],
                [0.988352, -0.008266, -0.15196, -0.043841, -0.149119, 0.146798, -0.977862, 0.415981, 0.030391, 0.989132, 0.143856, 0.560444, 0.0, 0.0, 0.0, 1.0],
                [0.988278, -0.011865, -0.152206, -0.044837, -0.150806, 0.079372, -0.985372, 0.393598, 0.023772, 0.996774, 0.076652, 0.579465, 0.0, 0.0, 0.0, 1.0],
                [0.988225, -0.015942, -0.152178, -0.046046, -0.152251, -0.003516, -0.988335, 0.363891, 0.015221, 0.999867, -0.005902, 0.60256, 0.0, 0.0, 0.0, 1.0],
                [0.988213, -0.019886, -0.151786, -0.047361, -0.152992, -0.094049, -0.983742, 0.3278, 0.005287, 0.995369, -0.095983, 0.627694, 0.0, 0.0, 0.0, 1.0],
                [0.988248, -0.02307, -0.151107, -0.048677, -0.152763, -0.183859, -0.971009, 0.286264, -0.005381, 0.982682, -0.185223, 0.652828, 0.0, 0.0, 0.0, 1.0],
                [0.988315, -0.024904, -0.150375, -0.049886, -0.15157, -0.264838, -0.952306, 0.240223, -0.016109, 0.963971, -0.265518, 0.675924, 0.0, 0.0, 0.0, 1.0],
                [0.988385, -0.024858, -0.149921, -0.050881, -0.149678, -0.329879, -0.932082, 0.190617, -0.026286, 0.943696, -0.329768, 0.694944, 0.0, 0.0, 0.0, 1.0],
                [0.98842, -0.022451, -0.150075, -0.051557, -0.147553, -0.373054, -0.916001, 0.138386, -0.035421, 0.927538, -0.372047, 0.70785, 0.0, 0.0, 0.0, 1.0],
                [0.988377, -0.017176, -0.151048, -0.051805, -0.145772, -0.389029, -0.909619, 0.08447, -0.043138, 0.921065, -0.387011, 0.712605, 0.0, 0.0, 0.0, 1.0],
                [0.988533, -0.009474, -0.150707, -0.050191, -0.142522, -0.388317, -0.910438, 0.029672, -0.049897, 0.921477, -0.385215, 0.708215, 0.0, 0.0, 0.0, 1.0],
                [0.989084, -0.000433, -0.147351, -0.045738, -0.136187, -0.384524, -0.913014, -0.025747, -0.056265, 0.923115, -0.380385, 0.696142, 0.0, 0.0, 0.0, 1.0],
                [0.989871, 0.009524, -0.14165, -0.039035, -0.127668, -0.37671, -0.917491, -0.081662, -0.0621, 0.926282, -0.371679, 0.67804, 0.0, 0.0, 0.0, 1.0],
                [0.990747, 0.019956, -0.134246, -0.030669, -0.117863, -0.363928, -0.92394, -0.137947, -0.067294, 0.931213, -0.358209, 0.655558, 0.0, 0.0, 0.0, 1.0],
                [0.991595, 0.030409, -0.125756, -0.021226, -0.107654, -0.345201, -0.932334, -0.194477, -0.071763, 0.938036, -0.339026, 0.630348, 0.0, 0.0, 0.0, 1.0],
                [0.992334, 0.040431, -0.116788, -0.011295, -0.097907, -0.319501, -0.942514, -0.251128, -0.075421, 0.946723, -0.313093, 0.60406, 0.0, 0.0, 0.0, 1.0],
                [0.992919, 0.049585, -0.107947, -0.001461, -0.08946, -0.285731, -0.954125, -0.307774, -0.078154, 0.957026, -0.279272, 0.578345, 0.0, 0.0, 0.0, 1.0],
                [0.99334, 0.057466, -0.099864, 0.007687, -0.083128, -0.242705, -0.966532, -0.364291, -0.07978, 0.968397, -0.236311, 0.554855, 0.0, 0.0, 0.0, 1.0],
                [0.993604, 0.06373, -0.093214, 0.015563, -0.079684, -0.189157, -0.978708, -0.420553, -0.080005, 0.979877, -0.182869, 0.53524, 0.0, 0.0, 0.0, 1.0],
                [0.993722, 0.068128, -0.088742, 0.021579, -0.079842, -0.123787, -0.989092, -0.476435, -0.07837, 0.989967, -0.11757, 0.521151, 0.0, 0.0, 0.0, 1.0],
                [0.993878, 0.070032, -0.085454, 0.025997, -0.082346, -0.046131, -0.995536, -0.531804, -0.073661, 0.996477, -0.040082, 0.511418, 0.0, 0.0, 0.0, 1.0],
                [0.994221, 0.069204, -0.082075, 0.029534, -0.085024, 0.040808, -0.995543, -0.586498, -0.065547, 0.996768, 0.046456, 0.503623, 0.0, 0.0, 0.0, 1.0],
                [0.994678, 0.066141, -0.078995, 0.032289, -0.087229, 0.132614, -0.987322, -0.640343, -0.054826, 0.988959, 0.137678, 0.497553, 0.0, 0.0, 0.0, 1.0],
                [0.995173, 0.061419, -0.076536, 0.03436, -0.088486, 0.224424, -0.970466, -0.693169, -0.042428, 0.972554, 0.228776, 0.492992, 0.0, 0.0, 0.0, 1.0],
                [0.995636, 0.055688, -0.074889, 0.035843, -0.088582, 0.311355, -0.946156, -0.744805, -0.029373, 0.94866, 0.314929, 0.489723, 0.0, 0.0, 0.0, 1.0],
                [0.996017, 0.049631, -0.074079, 0.036838, -0.087591, 0.388981, -0.917072, -0.795077, -0.0167, 0.919908, 0.391779, 0.487532, 0.0, 0.0, 0.0, 1.0],
                [0.996293, 0.043916, -0.073969, 0.037441, -0.085854, 0.453673, -0.887023, -0.843816, -0.005397, 0.890086, 0.455762, 0.486203, 0.0, 0.0, 0.0, 1.0],
                [0.996467, 0.039159, -0.074291, 0.03775, -0.0839, 0.502647, -0.860411, -0.89085, 0.003649, 0.863604, 0.504157, 0.485521, 0.0, 0.0, 0.0, 1.0],
                [0.996558, 0.03592, -0.074712, 0.037865, -0.082336, 0.533691, -0.841662, -0.936007, 0.00964, 0.844916, 0.534812, 0.485269, 0.0, 0.0, 0.0, 1.0],
                [0.996586, 0.034723, -0.07491, 0.037881, -0.081717, 0.544616, -0.834695, -0.979115, 0.011814, 0.837967, 0.545593, 0.485233, 0.0, 0.0, 0.0, 1.0],
                [0.996586, 0.034723, -0.07491, 0.037393, -0.081717, 0.544616, -0.834695, -1.02002, 0.011814, 0.837967, 0.545594, 0.485659, 0.0, 0.0, 0.0, 1.0],
                [0.996586, 0.034723, -0.07491, 0.03602, -0.081717, 0.544616, -0.834695, -1.058626, 0.011814, 0.837967, 0.545594, 0.486856, 0.0, 0.0, 0.0, 1.0],
                [0.996586, 0.034723, -0.07491, 0.033897, -0.081717, 0.544616, -0.834695, -1.094858, 0.011814, 0.837967, 0.545594, 0.488706, 0.0, 0.0, 0.0, 1.0],
                [0.996586, 0.034723, -0.07491, 0.031162, -0.081717, 0.544616, -0.834695, -1.128637, 0.011814, 0.837967, 0.545594, 0.49109, 0.0, 0.0, 0.0, 1.0],
                [0.996586, 0.034723, -0.07491, 0.027951, -0.081717, 0.544616, -0.834695, -1.159886, 0.011814, 0.837967, 0.545594, 0.49389, 0.0, 0.0, 0.0, 1.0],
                [0.996586, 0.034723, -0.07491, 0.024399, -0.081717, 0.544616, -0.834695, -1.188527, 0.011814, 0.837967, 0.545594, 0.496986, 0.0, 0.0, 0.0, 1.0],
                [0.996586, 0.034723, -0.07491, 0.020642, -0.081717, 0.544616, -0.834695, -1.214483, 0.011814, 0.837967, 0.545594, 0.50026, 0.0, 0.0, 0.0, 1.0],
                [0.996586, 0.034723, -0.07491, 0.016818, -0.081717, 0.544616, -0.834695, -1.237675, 0.011814, 0.837967, 0.545594, 0.503594, 0.0, 0.0, 0.0, 1.0],
                [0.996586, 0.034723, -0.07491, 0.013061, -0.081717, 0.544616, -0.834695, -1.258027, 0.011814, 0.837967, 0.545594, 0.506869, 0.0, 0.0, 0.0, 1.0],
                [0.996586, 0.034723, -0.07491, 0.009509, -0.081717, 0.544616, -0.834695, -1.275461, 0.011814, 0.837967, 0.545594, 0.509965, 0.0, 0.0, 0.0, 1.0],
                [0.996586, 0.034723, -0.07491, 0.006297, -0.081717, 0.544616, -0.834695, -1.289899, 0.011814, 0.837967, 0.545594, 0.512765, 0.0, 0.0, 0.0, 1.0],
                [0.996586, 0.034723, -0.07491, 0.003562, -0.081717, 0.544616, -0.834695, -1.301263, 0.011814, 0.837967, 0.545594, 0.515149, 0.0, 0.0, 0.0, 1.0],
                [0.996586, 0.034723, -0.07491, 0.00144, -0.081717, 0.544616, -0.834695, -1.309477, 0.011814, 0.837967, 0.545594, 0.516999, 0.0, 0.0, 0.0, 1.0],
                [0.996586, 0.034723, -0.07491, 6.7e-05, -0.081717, 0.544616, -0.834695, -1.314462, 0.011814, 0.837967, 0.545594, 0.518196, 0.0, 0.0, 0.0, 1.0],
                [0.996586, 0.034723, -0.07491, -0.000421, -0.081717, 0.544616, -0.834695, -1.316141, 0.011814, 0.837967, 0.545594, 0.518621, 0.0, 0.0, 0.0, 1.0],
                [0.996586, 0.034723, -0.07491, -0.000421, -0.081717, 0.544616, -0.834695, -1.316141, 0.011814, 0.837967, 0.545594, 0.518621, 0.0, 0.0, 0.0, 1.0],
                [0.996586, 0.034723, -0.07491, -0.000421, -0.081717, 0.544616, -0.834695, -1.316141, 0.011814, 0.837967, 0.545594, 0.518621, 0.0, 0.0, 0.0, 1.0],
                [0.996586, 0.034723, -0.07491, -0.000421, -0.081717, 0.544616, -0.834695, -1.316141, 0.011814, 0.837967, 0.545594, 0.518621, 0.0, 0.0, 0.0, 1.0],
                [0.996586, 0.034723, -0.07491, -0.000421, -0.081717, 0.544616, -0.834695, -1.316141, 0.011814, 0.837967, 0.545594, 0.518621, 0.0, 0.0, 0.0, 1.0],
                [0.996586, 0.034723, -0.07491, -0.000421, -0.081717, 0.544616, -0.834695, -1.316141, 0.011814, 0.837967, 0.545594, 0.518621, 0.0, 0.0, 0.0, 1.0],
                [0.996586, 0.034723, -0.07491, -0.000421, -0.081717, 0.544616, -0.834695, -1.316141, 0.011814, 0.837967, 0.545594, 0.518621, 0.0, 0.0, 0.0, 1.0],
                [0.996586, 0.034723, -0.07491, -0.000421, -0.081717, 0.544616, -0.834695, -1.316141, 0.011814, 0.837967, 0.545594, 0.518621, 0.0, 0.0, 0.0, 1.0],
                [0.996586, 0.034723, -0.07491, -0.000421, -0.081717, 0.544616, -0.834695, -1.316141, 0.011814, 0.837967, 0.545594, 0.518621, 0.0, 0.0, 0.0, 1.0],
                [0.996586, 0.034723, -0.07491, -0.000421, -0.081717, 0.544616, -0.834695, -1.316141, 0.011814, 0.837967, 0.545594, 0.518621, 0.0, 0.0, 0.0, 1.0],
                [0.996586, 0.034723, -0.07491, -0.000421, -0.081717, 0.544616, -0.834695, -1.316141, 0.011814, 0.837967, 0.545594, 0.518621, 0.0, 0.0, 0.0, 1.0],
                [0.996563, 0.034343, -0.07538, -0.000449, -0.081991, 0.538485, -0.838637, -1.313161, 0.01179, 0.841935, 0.53945, 0.521907, 0.0, 0.0, 0.0, 1.0],
                [0.9965, 0.03325, -0.076688, -0.000528, -0.082762, 0.521045, -0.849507, -1.304774, 0.011711, 0.852881, 0.521974, 0.531152, 0.0, 0.0, 0.0, 1.0],
                [0.996403, 0.031504, -0.078672, -0.00065, -0.083953, 0.493567, -0.865646, -1.291813, 0.011558, 0.869137, 0.494436, 0.545439, 0.0, 0.0, 0.0, 1.0],
                [0.996275, 0.029151, -0.081154, -0.000808, -0.085487, 0.457262, -0.885214, -1.275109, 0.011304, 0.888854, 0.458051, 0.563852, 0.0, 0.0, 0.0, 1.0],
                [0.996124, 0.026248, -0.083954, -0.000993, -0.08728, 0.413452, -0.906333, -1.255494, 0.010922, 0.910147, 0.41414, 0.585474, 0.0, 0.0, 0.0, 1.0],
                [0.995955, 0.022869, -0.08689, -0.001197, -0.089246, 0.363681, -0.927238, -1.2338, 0.010396, 0.931243, 0.364251, 0.609389, 0.0, 0.0, 0.0, 1.0],
                [0.995776, 0.019119, -0.089799, -0.001414, -0.091295, 0.309767, -0.946419, -1.210858, 0.009722, 0.95062, 0.310204, 0.634678, 0.0, 0.0, 0.0, 1.0],
                [0.995594, 0.015133, -0.092536, -0.001634, -0.09334, 0.253787, -0.962746, -1.1875, 0.008915, 0.967142, 0.254082, 0.660426, 0.0, 0.0, 0.0, 1.0],
                [0.995417, 0.011071, -0.09499, -0.00185, -0.095297, 0.198012, -0.975556, -1.164558, 0.008009, 0.980137, 0.198159, 0.685715, 0.0, 0.0, 0.0, 1.0],
                [0.99525, 0.007117, -0.097088, -0.002055, -0.097093, 0.1448, -0.984686, -1.142864, 0.007051, 0.989435, 0.144803, 0.70963, 0.0, 0.0, 0.0, 1.0],
                [0.995102, 0.003461, -0.098792, -0.002239, -0.098664, 0.096499, -0.990431, -1.123249, 0.006106, 0.995327, 0.096368, 0.731252, 0.0, 0.0, 0.0, 1.0],
                [0.994978, 0.000299, -0.100096, -0.002397, -0.099959, 0.055359, -0.99345, -1.106545, 0.005244, 0.998466, 0.055111, 0.749665, 0.0, 0.0, 0.0, 1.0],
                [0.994883, -0.00218, -0.101013, -0.002519, -0.100935, 0.023505, -0.994615, -1.093584, 0.004543, 0.999721, 0.023165, 0.763953, 0.0, 0.0, 0.0, 1.0],
                [0.994822, -0.003794, -0.101562, -0.002598, -0.101551, 0.002951, -0.994826, -1.085198, 0.004074, 0.999988, 0.002551, 0.773197, 0.0, 0.0, 0.0, 1.0],
                [0.994801, -0.004369, -0.101749, -0.002626, -0.101768, -0.004339, -0.994799, -1.082217, 0.003904, 0.999981, -0.004761, 0.776483, 0.0, 0.0, 0.0, 1.0]
            ]
        },
        {
            "name": "Thigh_R",
            "time": [0.0, 0.01, 0.02, 0.03, 0.04, 0.05, 0.06, 0.07, 0.08, 0.09, 0.1, 0.11, 0.12, 0.13, 0.14, 0.15, 0.16, 0.17, 0.18, 0.19, 0.2, 0.21, 0.22, 0.23, 0.24, 0.25, 0.26, 0.27, 0.28, 0.29, 0.3, 0.31, 0.32, 0.33, 0.34, 0.35, 0.36, 0.37, 0.38, 0.39, 0.4, 0.41, 0.42, 0.43, 0.44, 0.45, 0.46, 0.47, 0.48, 0.49, 0.5, 0.51, 0.52, 0.53, 0.54, 0.55, 0.56, 0.57, 0.58, 0.59, 0.6, 0.61, 0.62, 0.63, 0.64, 0.65, 0.66, 0.67, 0.68, 0.69, 0.7, 0.71, 0.72, 0.73, 0.74, 0.75, 0.76, 0.77, 0.78, 0.79, 0.8, 0.81, 0.82, 0.83, 0.84, 0.85, 0.86, 0.87, 0.88, 0.89, 0.9, 0.91, 0.92, 0.93, 0.94, 0.95, 0.96, 0.97, 0.98, 0.99, 1.0, 1.01, 1.02, 1.03, 1.04, 1.05],
            "transform": [
                [0.995114, 0.097962, 0.012323, 0.124994, 0.097948, -0.995189, 0.001749, -0.002831, 0.012435, -0.000533, -0.999923, -1.2e-05, 0.0, 0.0, 0.0, 1.0],
                [0.995101, 0.09844, 0.009185, 0.124994, 0.098379, -0.995125, 0.006866, -0.002831, 0.009816, -0.005929, -0.999934, -1.2e-05, 0.0, 0.0, 0.0, 1.0],
                [0.995007, 0.0998, 0.000502, 0.124994, 0.099766, -0.994775, 0.021639, -0.002831, 0.002659, -0.021481, -0.999766, -1.2e-05, 0.0, 0.0, 0.0, 1.0],
                [0.994716, 0.101928, -0.012375, 0.124994, 0.102389, -0.993711, 0.045325, -0.002831, -0.007677, -0.046353, -0.998896, -1.2e-05, 0.0, 0.0, 0.0, 1.0],
                [0.994109, 0.099783, -0.042318, 0.124994, 0.106578, -0.97095, 0.214234, -0.002831, -0.019712, -0.217482, -0.975866, -1.2e-05, 0.0, 0.0, 0.0, 1.0],
                [0.993123, 0.094722, -0.068814, 0.124994, 0.112592, -0.933844, 0.339495, -0.002831, -0.032104, -0.344908, -0.938087, -1.2e-05, 0.0, 0.0, 0.0, 1.0],
                [0.991741, 0.087855, -0.09345, 0.124994, 0.120555, -0.887242, 0.445271, -0.002831, -0.043793, -0.452859, -0.890505, -1.2e-05, 0.0, 0.0, 0.0, 1.0],
                [0.989983, 0.079538, -0.116652, 0.124994, 0.13044, -0.831439, 0.540087, -0.002831, -0.054032, -0.549892, -0.833485, -1.2e-05, 0.0, 0.0, 0.0, 1.0],
                [0.987889, 0.07018, -0.138388, 0.124994, 0.142087, -0.76755, 0.625042, -0.002831, -0.062355, -0.637134, -0.768226, -1.2e-05, 0.0, 0.0, 0.0, 1.0],
                [0.9855, 0.060165, -0.158654, 0.124994, 0.155225, -0.697304, 0.699765, -0.002831, -0.068528, -0.714244, -0.696532, -1.2e-05, 0.0, 0.0, 0.0, 1.0],
                [0.982859, 0.049843, -0.177494, 0.124994, 0.169505, -0.622932, 0.763691, -0.002831, -0.072502, -0.780685, -0.620703, -1.2e-05, 0.0, 0.0, 0.0, 1.0],
                [0.980012, 0.039537, -0.194972, 0.124994, 0.184518, -0.547003, 0.816542, -0.002831, -0.074366, -0.836196, -0.543365, -1.2e-05, 0.0, 0.0, 0.0, 1.0],
                [0.97701, 0.029562, -0.211138, 0.124994, 0.199822, -0.472223, 0.858532, -0.002831, -0.074324, -0.880982, -0.467273, -1.2e-05, 0.0, 0.0, 0.0, 1.0],
                [0.973916, 0.020214, -0.226005, 0.124994, 0.214955, -0.401186, 0.890417, -0.002831, -0.072671, -0.915772, -0.395068, -1.2e-05, 0.0, 0.0, 0.0, 1.0],
                [0.970816, 0.011765, -0.239537, 0.124994, 0.22945, -0.33617, 0.913423, -0.002831, -0.069779, -0.941727, -0.329058, -1.2e-05, 0.0, 0.0, 0.0, 1.0],
                [0.967811, 0.004439, -0.251637, 0.124994, 0.242847, -0.278974, 0.929084, -0.002831, -0.066076, -0.960287, -0.271072, -1.2e-05, 0.0, 0.0, 0.0, 1.0],
                [0.965028, -0.001607, -0.262144, 0.124994, 0.254703, -0.230876, 0.939054, -0.002831, -0.062032, -0.972981, -0.222392, -1.2e-05, 0.0, 0.0, 0.0, 1.0],
                [0.962606, -0.006297, -0.270833, 0.124994, 0.264596, -0.192673, 0.944916, -0.002831, -0.058132, -0.981242, -0.183802, -1.2e-05, 0.0, 0.0, 0.0, 1.0],
                [0.960697, -0.009623, -0.277431, 0.124994, 0.272124, -0.164839, 0.948038, -0.002831, -0.054854, -0.986273, -0.155742, -1.2e-05, 0.0, 0.0, 0.0, 1.0],
                [0.959454, -0.011617, -0.281625, 0.124994, 0.276907, -0.14773, 0.949473, -0.002831, -0.052635, -0.988959, -0.138523, -1.2e-05, 0.0, 0.0, 0.0, 1.0],
                [0.959014, -0.012292, -0.283094, 0.124994, 0.27858, -0.141854, 0.949879, -0.002831, -0.051833, -0.989811, -0.132615, -1.2e-05, 0.0, 0.0, 0.0, 1.0],
                [0.959014, -0.012292, -0.283094, 0.124994, 0.27858, -0.141853, 0.94988, -0.002831, -0.051833, -0.989811, -0.132615, -1.2e-05, 0.0, 0.0, 0.0, 1.0],
                [0.959014, -0.012292, -0.283094, 0.124994, 0.27858, -0.141853, 0.94988, -0.002831, -0.051833, -0.989811, -0.132615, -1.2e-05, 0.0, 0.0, 0.0, 1.0],
                [0.959014, -0.012292, -0.283094, 0.124994, 0.27858, -0.141853, 0.94988, -0.002831, -0.051833, -0.989811, -0.132615, -1.2e-05, 0.0, 0.0, 0.0, 1.0],
                [0.959014, -0.012292, -0.283094, 0.124994, 0.27858, -0.141853, 0.94988, -0.002831, -0.051833, -0.989811, -0.132615, -1.2e-05, 0.0, 0.0, 0.0, 1.0],
                [0.959014, -0.012292, -0.283094, 0.124994, 0.27858, -0.141853, 0.94988, -0.002831, -0.051833, -0.989811, -0.132615, -1.2e-05, 0.0, 0.0, 0.0, 1.0],
                [0.959014, -0.012292, -0.283094, 0.124994, 0.27858, -0.141853, 0.94988, -0.002831, -0.051833, -0.989811, -0.132615, -1.2e-05, 0.0, 0.0, 0.0, 1.0],
                [0.959014, -0.012292, -0.283094, 0.124994, 0.27858, -0.141853, 0.94988, -0.002831, -0.051833, -0.989811, -0.132615, -1.2e-05, 0.0, 0.0, 0.0, 1.0],
                [0.959014, -0.012292, -0.283094, 0.124994, 0.27858, -0.141853, 0.94988, -0.002831, -0.051833, -0.989811, -0.132615, -1.2e-05, 0.0, 0.0, 0.0, 1.0],
                [0.959014, -0.012292, -0.283094, 0.124994, 0.27858, -0.141853, 0.94988, -0.002831, -0.051833, -0.989811, -0.132615, -1.2e-05, 0.0, 0.0, 0.0, 1.0],
                [0.959014, -0.012292, -0.283094, 0.124994, 0.27858, -0.141853, 0.94988, -0.002831, -0.051833, -0.989811, -0.132615, -1.2e-05, 0.0, 0.0, 0.0, 1.0],
                [0.959014, -0.012292, -0.283094, 0.124994, 0.27858, -0.141853, 0.94988, -0.002831, -0.051833, -0.989811, -0.132615, -1.2e-05, 0.0, 0.0, 0.0, 1.0],
                [0.959014, -0.012292, -0.283094, 0.124994, 0.27858, -0.141853, 0.94988, -0.002831, -0.051833, -0.989811, -0.132615, -1.2e-05, 0.0, 0.0, 0.0, 1.0],
                [0.959014, -0.012292, -0.283094, 0.124994, 0.27858, -0.141853, 0.94988, -0.002831, -0.051833, -0.989811, -0.132615, -1.2e-05, 0.0, 0.0, 0.0, 1.0],
                [0.959014, -0.012292, -0.283094, 0.124994, 0.27858, -0.141853, 0.94988, -0.002831, -0.051833, -0.989811, -0.132615, -1.2e-05, 0.0, 0.0, 0.0, 1.0],
                [0.959014, -0.012292, -0.283094, 0.124994, 0.27858, -0.141853, 0.94988, -0.002831, -0.051833, -0.989811, -0.132615, -1.2e-05, 0.0, 0.0, 0.0, 1.0],
                [0.964242, -0.006618, -0.264941, 0.124994, 0.261875, -0.129854, 0.956326, -0.002831, -0.040733, -0.99151, -0.123478, -1.2e-05, 0.0, 0.0, 0.0, 1.0],
                [0.975504, 0.008993, -0.219801, 0.124994, 0.219588, -0.099848, 0.97047, -0.002831, -0.013219, -0.994961, -0.099376, -1.2e-05, 0.0, 0.0, 0.0, 1.0],
                [0.985445, 0.028203, -0.167637, 0.124994, 0.16911, -0.062272, 0.983628, -0.002831, 0.017302, -0.99766, -0.066135, -1.2e-05, 0.0, 0.0, 0.0, 1.0],
                [0.990335, 0.035255, -0.134139, 0.124994, 0.13508, -0.025817, 0.990498, -0.002831, 0.031457, -0.999044, -0.030329, -1.2e-05, 0.0, 0.0, 0.0, 1.0],
                [0.991067, 0.017283, -0.132236, 0.124994, 0.132154, 0.005818, 0.991212, -0.002831, 0.0179, -0.999833, 0.003482, -1.2e-05, 0.0, 0.0, 0.0, 1.0],
                [0.989273, -0.015094, -0.145297, 0.124994, 0.145735, 0.033797, 0.988746, -0.002831, -0.010013, -0.999314, 0.035634, -1.2e-05, 0.0, 0.0, 0.0, 1.0],
                [0.986525, -0.046369, -0.156904, 0.124994, 0.159598, 0.061587, 0.985259, -0.002831, -0.036023, -0.997023, 0.068157, -1.2e-05, 0.0, 0.0, 0.0, 1.0],
                [0.982525, -0.076188, -0.169829, 0.124994, 0.176512, 0.091797, 0.980009, -0.002831, -0.059076, -0.992858, 0.103641, -1.2e-05, 0.0, 0.0, 0.0, 1.0],
                [0.976514, -0.105404, -0.187914, 0.124994, 0.200516, 0.125463, 0.971624, -0.002831, -0.078837, -0.986482, 0.143651, -1.2e-05, 0.0, 0.0, 0.0, 1.0],
                [0.966966, -0.13509, -0.216168, 0.124994, 0.236335, 0.157337, 0.958848, -0.002831, -0.09552, -0.97826, 0.184066, -1.2e-05, 0.0, 0.0, 0.0, 1.0],
                [0.951949, -0.159792, -0.261267, 0.124994, 0.28548, 0.154111, 0.945913, -0.002831, -0.110885, -0.975046, 0.192323, -1.2e-05, 0.0, 0.0, 0.0, 1.0],
                [0.93066, -0.160851, -0.328633, 0.124994, 0.340679, 0.053342, 0.938665, -0.002831, -0.133456, -0.985535, 0.104441, -1.2e-05, 0.0, 0.0, 0.0, 1.0],
                [0.911265, -0.089168, -0.402052, 0.124994, 0.378903, -0.200932, 0.90336, -0.002831, -0.161336, -0.975538, -0.149316, -1.2e-05, 0.0, 0.0, 0.0, 1.0],
                [0.904631, 0.070941, -0.42025, 0.124994, 0.386965, -0.549948, 0.740146, -0.002831, -0.178609, -0.832179, -0.524952, -1.2e-05, 0.0, 0.0, 0.0, 1.0],
                [0.90819, 0.224341, -0.35336, 0.124994, 0.378203, -0.801524, 0.463165, -0.002831, -0.179319, -0.554282, -0.812783, -1.2e-05, 0.0, 0.0, 0.0, 1.0],
                [0.915129, 0.312123, -0.255183, 0.124994, 0.365672, -0.909143, 0.199352, -0.002831, -0.169775, -0.275745, -0.946119, -1.2e-05, 0.0, 0.0, 0.0, 1.0],
                [0.922279, 0.348105, -0.168005, 0.124994, 0.353934, -0.935255, 0.005104, -0.002831, -0.155351, -0.06417, -0.985772, -1.2e-05, 0.0, 0.0, 0.0, 1.0],
                [0.928567, 0.354751, -0.109151, 0.124994, 0.344367, -0.933143, -0.103216, -0.002831, -0.138469, 0.058255, -0.988652, -1.2e-05, 0.0, 0.0, 0.0, 1.0],
                [0.933728, 0.346441, -0.090168, 0.124994, 0.337104, -0.935682, -0.10421, -0.002831, -0.120471, 0.066908, -0.99046, -1.2e-05, 0.0, 0.0, 0.0, 1.0],
                [0.937738, 0.326012, -0.119855, 0.124994, 0.331994, -0.942693, 0.033321, -0.002831, -0.102123, -0.071038, -0.992232, -1.2e-05, 0.0, 0.0, 0.0, 1.0],
                [0.941464, 0.291148, -0.169936, 0.124994, 0.326932, -0.911493, 0.24959, -0.002831, -0.082228, -0.290537, -0.953324, -1.2e-05, 0.0, 0.0, 0.0, 1.0],
                [0.945663, 0.248524, -0.209663, 0.124994, 0.319524, -0.829739, 0.457645, -0.002831, -0.06023, -0.499769, -0.864062, -1.2e-05, 0.0, 0.0, 0.0, 1.0],
                [0.950125, 0.201542, -0.238, 0.124994, 0.3096, -0.70146, 0.64195, -0.002831, -0.037568, -0.683616, -0.728873, -1.2e-05, 0.0, 0.0, 0.0, 1.0],
                [0.954614, 0.1541, -0.254883, 0.124994, 0.297436, -0.53807, 0.788679, -0.002831, -0.01561, -0.828694, -0.559483, -1.2e-05, 0.0, 0.0, 0.0, 1.0],
                [0.958886, 0.109914, -0.261645, 0.124994, 0.28376, -0.356865, 0.890016, -0.002831, 0.004453, -0.927666, -0.373382, -1.2e-05, 0.0, 0.0, 0.0, 1.0],
                [0.962707, 0.071721, -0.260868, 0.124994, 0.269675, -0.177031, 0.946539, -0.002831, 0.021705, -0.981588, -0.18977, -1.2e-05, 0.0, 0.0, 0.0, 1.0],
                [0.965881, 0.040788, -0.255758, 0.124994, 0.25654, -0.015138, 0.966416, -0.002831, 0.035546, -0.999052, -0.025086, -1.2e-05, 0.0, 0.0, 0.0, 1.0],
                [0.968242, 0.016959, -0.249439, 0.124994, 0.245813, 0.117562, 0.962162, -0.002831, 0.045642, -0.99292, 0.10966, -1.2e-05, 0.0, 0.0, 0.0, 1.0],
                [0.969652, -0.000882, -0.244488, 0.124994, 0.238942, 0.215235, 0.94688, -0.002831, 0.051787, -0.976561, 0.208914, -1.2e-05, 0.0, 0.0, 0.0, 1.0],
                [0.969959, -0.014227, -0.242853, 0.124994, 0.237267, 0.27572, 0.931495, -0.002831, 0.053707, -0.961132, 0.270813, -1.2e-05, 0.0, 0.0, 0.0, 1.0],
                [0.96974, -0.022993, -0.243058, 0.124994, 0.238252, 0.306521, 0.921565, -0.002831, 0.053313, -0.951585, 0.302724, -1.2e-05, 0.0, 0.0, 0.0, 1.0],
                [0.969692, -0.027422, -0.242791, 0.124994, 0.238562, 0.320992, 0.916544, -0.002831, 0.052801, -0.946684, 0.317805, -1.2e-05, 0.0, 0.0, 0.0, 1.0],
                [0.969804, -0.029025, -0.242155, 0.124994, 0.238246, 0.325072, 0.915187, -0.002831, 0.052155, -0.945243, 0.322172, -1.2e-05, 0.0, 0.0, 0.0, 1.0],
                [0.970056, -0.028809, -0.241168, 0.124994, 0.237385, 0.322523, 0.916312, -0.002831, 0.051384, -0.946123, 0.319704, -1.1e-05, 0.0, 0.0, 0.0, 1.0],
                [0.97042, -0.027391, -0.239863, 0.124994, 0.236077, 0.315558, 0.919071, -0.002831, 0.050516, -0.94851, 0.312691, -1.2e-05, 0.0, 0.0, 0.0, 1.0],
                [0.970866, -0.025118, -0.238302, 0.124994, 0.234435, 0.305375, 0.922924, -0.002831, 0.049589, -0.9519, 0.302367, -1.2e-05, 0.0, 0.0, 0.0, 1.0],
                [0.971363, -0.022176, -0.236564, 0.124994, 0.232569, 0.292577, 0.92753, -0.002831, 0.048645, -0.955984, 0.289355, -1.2e-05, 0.0, 0.0, 0.0, 1.0],
                [0.97188, -0.018683, -0.234735, 0.124994, 0.230591, 0.277532, 0.932633, -0.002831, 0.047722, -0.960534, 0.274036, -1.1e-05, 0.0, 0.0, 0.0, 1.0],
                [0.972391, -0.014757, -0.232891, 0.124994, 0.228606, 0.260638, 0.937981, -0.002831, 0.046859, -0.965323, 0.256816, -1.2e-05, 0.0, 0.0, 0.0, 1.0],
                [0.972872, -0.010563, -0.231104, 0.124994, 0.226709, 0.242521, 0.943285, -0.002831, 0.046084, -0.970088, 0.238337, -1.2e-05, 0.0, 0.0, 0.0, 1.0],
                [0.973303, -0.006334, -0.22944, 0.124994, 0.224989, 0.224141, 0.948231, -0.002831, 0.045421, -0.974535, 0.219582, -1.2e-05, 0.0, 0.0, 0.0, 1.0],
                [0.973665, -0.002375, -0.227974, 0.124994, 0.223524, 0.206819, 0.952504, -0.002831, 0.044887, -0.978376, 0.201904, -1.2e-05, 0.0, 0.0, 0.0, 1.0],
                [0.973943, 0.000949, -0.226795, 0.124994, 0.22239, 0.19219, 0.955828, -0.002831, 0.044495, -0.981357, 0.186971, -1.2e-05, 0.0, 0.0, 0.0, 1.0],
                [0.974121, 0.003236, -0.226006, 0.124994, 0.221656, 0.18208, 0.957975, -0.002831, 0.044251, -0.983278, 0.176651, -1.2e-05, 0.0, 0.0, 0.0, 1.0],
                [0.974184, 0.004083, -0.225719, 0.124994, 0.221394, 0.17833, 0.95874, -0.002831, 0.044167, -0.983961, 0.172823, -1.2e-05, 0.0, 0.0, 0.0, 1.0],
                [0.974184, 0.004083, -0.225719, 0.124994, 0.221394, 0.17833, 0.958741, -0.002831, 0.044167, -0.983961, 0.172823, -1.2e-05, 0.0, 0.0, 0.0, 1.0],
                [0.974184, 0.004083, -0.225719, 0.124994, 0.221394, 0.17833, 0.958741, -0.002831, 0.044167, -0.983961, 0.172823, -1.2e-05, 0.0, 0.0, 0.0, 1.0],
                [0.974184, 0.004083, -0.225719, 0.124994, 0.221394, 0.17833, 0.958741, -0.002831, 0.044167, -0.983961, 0.172823, -1.2e-05, 0.0, 0.0, 0.0, 1.0],
                [0.974184, 0.004083, -0.225719, 0.124994, 0.221394, 0.17833, 0.958741, -0.002831, 0.044167, -0.983961, 0.172822, -1.2e-05, 0.0, 0.0, 0.0, 1.0],
                [0.974184, 0.004083, -0.225719, 0.124994, 0.221394, 0.17833, 0.958741, -0.002831, 0.044167, -0.983961, 0.172823, -1.2e-05, 0.0, 0.0, 0.0, 1.0],
                [0.974184, 0.004083, -0.225719, 0.124994, 0.221394, 0.17833, 0.958741, -0.002831, 0.044167, -0.983961, 0.172822, -1.2e-05, 0.0, 0.0, 0.0, 1.0],
                [0.974184, 0.004083, -0.225719, 0.124994, 0.221394, 0.17833, 0.958741, -0.002831, 0.044167, -0.983961, 0.172823, -1.2e-05, 0.0, 0.0, 0.0, 1.0],
                [0.974184, 0.004083, -0.225719, 0.124994, 0.221394, 0.17833, 0.958741, -0.002831, 0.044167, -0.983961, 0.172822, -1.2e-05, 0.0, 0.0, 0.0, 1.0],
                [0.974184, 0.004083, -0.225719, 0.124994, 0.221394, 0.17833, 0.958741, -0.002831, 0.044167, -0.983961, 0.172823, -1.2e-05, 0.0, 0.0, 0.0, 1.0],
                [0.974184, 0.004083, -0.225719, 0.124994, 0.221394, 0.17833, 0.958741, -0.002831, 0.044167, -0.983961, 0.172822, -1.2e-05, 0.0, 0.0, 0.0, 1.0],
                [0.97473, 0.004627, -0.223339, 0.124994, 0.219708, 0.160857, 0.962214, -0.002831, 0.040377, -0.986967, 0.155776, -1.1e-05, 0.0, 0.0, 0.0, 1.0],
                [0.97619, 0.006015, -0.216837, 0.124994, 0.214843, 0.111219, 0.970296, -0.002831, 0.029953, -0.993777, 0.107279, -1.2e-05, 0.0, 0.0, 0.0, 1.0],
                [0.978234, 0.007778, -0.207358, 0.124994, 0.206994, 0.033404, 0.977772, -0.002831, 0.014532, -0.999411, 0.031067, -1.2e-05, 0.0, 0.0, 0.0, 1.0],
                [0.980528, 0.00945, -0.196156, 0.124994, 0.196341, -0.068128, 0.978166, -0.002831, -0.00412, -0.997631, -0.068657, -1.2e-05, 0.0, 0.0, 0.0, 1.0],
                [0.982786, 0.010717, -0.184438, 0.124994, 0.183146, -0.187779, 0.964986, -0.002831, -0.024292, -0.982152, -0.18651, -1.1e-05, 0.0, 0.0, 0.0, 1.0],
                [0.984814, 0.011503, -0.173232, 0.124994, 0.167822, -0.31863, 0.932905, -0.002831, -0.044466, -0.947809, -0.315722, -1.2e-05, 0.0, 0.0, 0.0, 1.0],
                [0.986506, 0.011975, -0.163286, 0.124994, 0.150947, -0.452791, 0.878746, -0.002831, -0.063411, -0.891535, -0.448489, -1.2e-05, 0.0, 0.0, 0.0, 1.0],
                [0.987832, 0.012492, -0.155023, 0.124994, 0.133232, -0.58219, 0.802063, -0.002831, -0.080234, -0.812956, -0.57677, -1.2e-05, 0.0, 0.0, 0.0, 1.0],
                [0.988816, 0.013497, -0.148533, 0.124994, 0.115482, -0.699517, 0.705224, -0.002831, -0.094383, -0.714488, -0.693252, -1.2e-05, 0.0, 0.0, 0.0, 1.0],
                [0.989514, 0.015415, -0.143617, 0.124994, 0.098529, -0.799088, 0.593085, -0.002831, -0.10562, -0.601015, -0.792228, -1.2e-05, 0.0, 0.0, 0.0, 1.0],
                [0.989997, 0.018548, -0.139866, 0.124994, 0.083184, -0.877435, 0.472428, -0.002831, -0.113961, -0.479336, -0.870201, -1.2e-05, 0.0, 0.0, 0.0, 1.0],
                [0.990337, 0.022964, -0.13677, 0.124994, 0.0702, -0.933526, 0.35157, -0.002831, -0.119605, -0.357774, -0.926117, -1.2e-05, 0.0, 0.0, 0.0, 1.0],
                [0.990589, 0.028319, -0.133915, 0.124994, 0.060248, -0.968699, 0.240814, -0.002831, -0.122903, -0.246616, -0.961288, -1.2e-05, 0.0, 0.0, 0.0, 1.0],
                [0.990768, 0.033468, -0.131374, 0.124994, 0.053909, -0.9864, 0.155268, -0.002831, -0.12439, -0.160917, -0.979098, -1.2e-05, 0.0, 0.0, 0.0, 1.0],
                [0.990841, 0.035877, -0.130189, 0.124994, 0.051684, -0.991409, 0.120148, -0.002831, -0.12476, -0.125776, -0.984182, -1.2e-05, 0.0, 0.0, 0.0, 1.0]
            ]
        },
        {
            "name": "Leg_R",
            "time": [0.0, 0.01, 0.02, 0.03, 0.04, 0.05, 0.06, 0.07, 0.08, 0.09, 0.1, 0.11, 0.12, 0.13, 0.14, 0.15, 0.16, 0.17, 0.18, 0.19, 0.2, 0.21, 0.22, 0.23, 0.24, 0.25, 0.26, 0.27, 0.28, 0.29, 0.3, 0.31, 0.32, 0.33, 0.34, 0.35, 0.36, 0.37, 0.38, 0.39, 0.4, 0.41, 0.42, 0.43, 0.44, 0.45, 0.46, 0.47, 0.48, 0.49, 0.5, 0.51, 0.52, 0.53, 0.54, 0.55, 0.56, 0.57, 0.58, 0.59, 0.6, 0.61, 0.62, 0.63, 0.64, 0.65, 0.66, 0.67, 0.68, 0.69, 0.7, 0.71, 0.72, 0.73, 0.74, 0.75, 0.76, 0.77, 0.78, 0.79, 0.8, 0.81, 0.82, 0.83, 0.84, 0.85, 0.86, 0.87, 0.88, 0.89, 0.9, 0.91, 0.92, 0.93, 0.94, 0.95, 0.96, 0.97, 0.98, 0.99, 1.0, 1.01, 1.02, 1.03, 1.04, 1.05],
            "transform": [
                [1.000001, -0.0, 1e-06, -0.0, 0.0, 0.999995, 0.004709, 0.374726, -1e-06, -0.004709, 0.999983, 0.0, 0.0, 0.0, 0.0, 1.0],
                [1.000001, -0.0, 1e-06, 0.0, 0.0, 0.999995, 0.004706, 0.374726, -1e-06, -0.004706, 0.999982, 0.0, 0.0, 0.0, 0.0, 1.0],
                [1.000001, -0.0, 1e-06, 0.0, -0.0, 0.999995, 0.004698, 0.374726, -1e-06, -0.004698, 0.999982, 0.0, 0.0, 0.0, 0.0, 1.0],
                [1.000001, 0.0, 1e-06, 0.0, 0.0, 0.999995, 0.004685, 0.374726, -1e-06, -0.004685, 0.999982, -0.0, 0.0, 0.0, 0.0, 1.0],
                [1.0, -0.0, 1e-06, -0.0, -0.0, 0.960137, 0.279551, 0.374726, -1e-06, -0.279555, 0.960123, -0.0, 0.0, 0.0, 0.0, 1.0],
                [1.0, -0.0, 1e-06, -0.0, -0.0, 0.893226, 0.449615, 0.374726, -1e-06, -0.449621, 0.893215, -0.0, 0.0, 0.0, 0.0, 1.0],
                [1.0, -0.0, 1e-06, -0.0, -0.0, 0.822557, 0.568686, 0.374726, -1e-06, -0.568692, 0.822547, 0.0, 0.0, 0.0, 0.0, 1.0],
                [1.000001, -0.0, 1e-06, 0.0, -0.0, 0.752033, 0.659127, 0.374726, -1e-06, -0.659134, 0.752025, 0.0, 0.0, 0.0, 0.0, 1.0],
                [1.0, -0.0, 1e-06, 0.0, -0.0, 0.685067, 0.72848, 0.374726, -1e-06, -0.728488, 0.685058, 0.0, 0.0, 0.0, 0.0, 1.0],
                [1.000001, -1e-06, 1e-06, 0.0, -0.0, 0.624457, 0.781058, 0.374726, -1e-06, -0.781067, 0.62445, -0.0, 0.0, 0.0, 0.0, 1.0],
                [1.0, -1e-06, 1e-06, 0.0, -0.0, 0.572301, 0.820042, 0.374726, -1e-06, -0.820051, 0.572293, -0.0, 0.0, 0.0, 0.0, 1.0],
                [1.0, -1e-06, 1e-06, -0.0, -0.0, 0.529928, 0.84804, 0.374726, -1e-06, -0.848049, 0.529921, -0.0, 0.0, 0.0, 0.0, 1.0],
                [1.000001, -1e-06, 1e-06, 0.0, -0.0, 0.497892, 0.867236, 0.374726, -1e-06, -0.867245, 0.497887, -0.0, 0.0, 0.0, 0.0, 1.0],
                [1.000001, -1e-06, 1e-06, -0.0, -0.0, 0.475983, 0.879451, 0.374726, -1e-06, -0.87946, 0.475977, -0.0, 0.0, 0.0, 0.0, 1.0],
                [1.0, -1e-06, 1e-06, 0.0, -0.0, 0.463289, 0.886204, 0.374726, -1e-06, -0.886213, 0.463283, 0.0, 0.0, 0.0, 0.0, 1.0],
                [1.0, -1e-06, 1e-06, -0.0, -0.0, 0.4583, 0.888794, 0.374726, -1e-06, -0.888803, 0.458295, -0.0, 0.0, 0.0, 0.0, 1.0],
                [1.000001, -1e-06, 1e-06, -0.0, -0.0, 0.459046, 0.888409, 0.374726, -1e-06, -0.888418, 0.45904, 0.0, 0.0, 0.0, 0.0, 1.0],
                [1.000001, -1e-06, 1e-06, -0.0, -0.0, 0.463263, 0.886218, 0.374726, -1e-06, -0.886227, 0.463257, -0.0, 0.0, 0.0, 0.0, 1.0],
                [1.000001, -1e-06, 1e-06, -0.0, -0.0, 0.468628, 0.883393, 0.374726, -1e-06, -0.883402, 0.468622, -0.0, 0.0, 0.0, 0.0, 1.0],
                [1.0, -1e-06, 1e-06, -0.0, -0.0, 0.472991, 0.881064, 0.374726, -1e-06, -0.881073, 0.472986, -0.0, 0.0, 0.0, 0.0, 1.0],
                [1.000001, -1e-06, 1e-06, 0.0, -0.0, 0.474694, 0.880147, 0.374726, -1e-06, -0.880157, 0.474689, 0.0, 0.0, 0.0, 0.0, 1.0],
                [1.000001, -1e-06, 1e-06, 0.0, -0.0, 0.474695, 0.880147, 0.374726, -1e-06, -0.880157, 0.474689, 0.0, 0.0, 0.0, 0.0, 1.0],
                [1.000001, -1e-06, 1e-06, 0.0, -0.0, 0.474695, 0.880147, 0.374726, -1e-06, -0.880157, 0.474689, 0.0, 0.0, 0.0, 0.0, 1.0],
                [1.000001, -1e-06, 1e-06, 0.0, -0.0, 0.474695, 0.880147, 0.374726, -1e-06, -0.880157, 0.474689, 0.0, 0.0, 0.0, 0.0, 1.0],
                [1.000001, -1e-06, 1e-06, 0.0, -0.0, 0.474695, 0.880147, 0.374726, -1e-06, -0.880157, 0.474689, 0.0, 0.0, 0.0, 0.0, 1.0],
