{
    "animation": [
        {
            "name": "Root",
            "time": [0.0, 0.01, 0.02, 0.03, 0.04, 0.05, 0.06, 0.07, 0.08, 0.09, 0.1, 0.11, 0.12, 0.13, 0.14, 0.15, 0.16, 0.17, 0.18, 0.19, 0.2, 0.21, 0.22, 0.23, 0.24, 0.25, 0.26, 0.27, 0.28, 0.29, 0.3, 0.31, 0.32, 0.33, 0.34, 0.35, 0.36, 0.37, 0.38, 0.39, 0.4, 0.41, 0.42, 0.43, 0.44, 0.45, 0.46, 0.47, 0.48, 0.49, 0.5, 0.51, 0.52, 0.53, 0.54, 0.55, 0.56, 0.57, 0.58, 0.59, 0.6, 0.61, 0.62, 0.63, 0.64, 0.65],
            "transform": [
                [0.994801, -0.004369, -0.101749, 0.000795, -0.101768, -0.004339, -0.994799, 0.024047, 0.003904, 0.999981, -0.004761, 0.757389, 0.0, 0.0, 0.0, 1.0],
                [0.995736, -0.001536, -0.092241, 0.001513, -0.092228, 0.007006, -0.995713, 0.030821, 0.002175, 0.999974, 0.006835, 0.75314, 0.0, 0.0, 0.0, 1.0],
                [0.997793, 0.005833, -0.066143, 0.003462, -0.066321, 0.039007, -0.997036, 0.049955, -0.003236, 0.999222, 0.039308, 0.741605, 0.0, 0.0, 0.0, 1.0],
                [0.999515, 0.015577, -0.026952, 0.006333, -0.02823, 0.088663, -0.995661, 0.079668, -0.01312, 0.99594, 0.08906, 0.724606, 0.0, 0.0, 0.0, 1.0],
                [0.999445, 0.025334, 0.021646, 0.00982, 0.017531, 0.152661, -0.988123, 0.118179, -0.028337, 0.987954, 0.152132, 0.703965, 0.0, 0.0, 0.0, 1.0],
                [0.996598, 0.033037, 0.075511, 0.013614, 0.066091, 0.227082, -0.97163, 0.163705, -0.049247, 0.973315, 0.224126, 0.681502, 0.0, 0.0, 0.0, 1.0],
                [0.9908, 0.037368, 0.130075, 0.017408, 0.112454, 0.307443, -0.944898, 0.214467, -0.0753, 0.950832, 0.300412, 0.65904, 0.0, 0.0, 0.0, 1.0],
                [0.982812, 0.038085, 0.180641, 0.020895, 0.151923, 0.389072, -0.908594, 0.268683, -0.104886, 0.92042, 0.376598, 0.638398, 0.0, 0.0, 0.0, 1.0],
                [0.974202, 0.036127, 0.222769, 0.023767, 0.180521, 0.467648, -0.865285, 0.324571, -0.135437, 0.883176, 0.449062, 0.6214, 0.0, 0.0, 0.0, 1.0],
                [0.967001, 0.033482, 0.252562, 0.025715, 0.195203, 0.539675, -0.81893, 0.38035, -0.163721, 0.841208, 0.51533, 0.609865, 0.0, 0.0, 0.0, 1.0],
                [0.963229, 0.032898, 0.26666, 0.026433, 0.193723, 0.602672, -0.774117, 0.434238, -0.186176, 0.797311, 0.574138, 0.605615, 0.0, 0.0, 0.0, 1.0],
                [0.961819, 0.033841, 0.271586, 0.025791, 0.183899, 0.655016, -0.732895, 0.486642, -0.202695, 0.754857, 0.623784, 0.608719, 0.0, 0.0, 0.0, 1.0],
                [0.960623, 0.033948, 0.275774, 0.02426, 0.175254, 0.696156, -0.69617, 0.546715, -0.215615, 0.717087, 0.662794, 0.616121, 0.0, 0.0, 0.0, 1.0],
                [0.959704, 0.03359, 0.278997, 0.022433, 0.168431, 0.725972, -0.66678, 0.625795, -0.224941, 0.686904, 0.691061, 0.624954, 0.0, 0.0, 0.0, 1.0],
                [0.959117, 0.033133, 0.281065, 0.020902, 0.164014, 0.744272, -0.647425, 0.735222, -0.23064, 0.667054, 0.708409, 0.632356, 0.0, 0.0, 0.0, 1.0],
                [0.958907, 0.032909, 0.281804, 0.02026, 0.162475, 0.750565, -0.64051, 0.886337, -0.232591, 0.659976, 0.714376, 0.63546, 0.0, 0.0, 0.0, 1.0],
                [0.958908, 0.032921, 0.281801, 0.020506, 0.162584, 0.750223, -0.640884, 1.087828, -0.232512, 0.660365, 0.714042, 0.635458, 0.0, 0.0, 0.0, 1.0],
                [0.958919, 0.032972, 0.281758, 0.021219, 0.162867, 0.749233, -0.641969, 1.337772, -0.232269, 0.661486, 0.713083, 0.63545, 0.0, 0.0, 0.0, 1.0],
                [0.958939, 0.033057, 0.281679, 0.022357, 0.163308, 0.747648, -0.643703, 1.631597, -0.231876, 0.663272, 0.71155, 0.635428, 0.0, 0.0, 0.0, 1.0],
                [0.958968, 0.033174, 0.281567, 0.023881, 0.16389, 0.74552, -0.646018, 1.964729, -0.231345, 0.665657, 0.709493, 0.635385, 0.0, 0.0, 0.0, 1.0],
                [0.959005, 0.033319, 0.281425, 0.025748, 0.164597, 0.742901, -0.64885, 2.332597, -0.23069, 0.668572, 0.706961, 0.635313, 0.0, 0.0, 0.0, 1.0],
                [0.959048, 0.033489, 0.281256, 0.02792, 0.165413, 0.73984, -0.652131, 2.730626, -0.229923, 0.671948, 0.704003, 0.635207, 0.0, 0.0, 0.0, 1.0],
                [0.959098, 0.033678, 0.281063, 0.030356, 0.166322, 0.73639, -0.655795, 3.154243, -0.229058, 0.675719, 0.700669, 0.635058, 0.0, 0.0, 0.0, 1.0],
                [0.959153, 0.033885, 0.280849, 0.033014, 0.167307, 0.732601, -0.659776, 3.598876, -0.228107, 0.679814, 0.697007, 0.634861, 0.0, 0.0, 0.0, 1.0],
                [0.959213, 0.034106, 0.280618, 0.035854, 0.168352, 0.728526, -0.664008, 4.05995, -0.227085, 0.684168, 0.69307, 0.634607, 0.0, 0.0, 0.0, 1.0],
                [0.959277, 0.034337, 0.280373, 0.038837, 0.169442, 0.72422, -0.668427, 4.532894, -0.226004, 0.688714, 0.688909, 0.63429, 0.0, 0.0, 0.0, 1.0],
                [0.959343, 0.034574, 0.280117, 0.04192, 0.170561, 0.719737, -0.67297, 5.013134, -0.224878, 0.693386, 0.684577, 0.633903, 0.0, 0.0, 0.0, 1.0],
                [0.959411, 0.034815, 0.279854, 0.045065, 0.171693, 0.715133, -0.677573, 5.496096, -0.223722, 0.69812, 0.68013, 0.633438, 0.0, 0.0, 0.0, 1.0],
                [0.95948, 0.035056, 0.279586, 0.04823, 0.172824, 0.710469, -0.682177, 5.977208, -0.222551, 0.702855, 0.675622, 0.63289, 0.0, 0.0, 0.0, 1.0],
                [0.95955, 0.035293, 0.279318, 0.051374, 0.17394, 0.705802, -0.686723, 6.451896, -0.22138, 0.707529, 0.671114, 0.63225, 0.0, 0.0, 0.0, 1.0],
                [0.959618, 0.035525, 0.279053, 0.054458, 0.175026, 0.701196, -0.691151, 6.915588, -0.220224, 0.712083, 0.666663, 0.631512, 0.0, 0.0, 0.0, 1.0],
                [0.959685, 0.035747, 0.278795, 0.05744, 0.176069, 0.696713, -0.695407, 7.363709, -0.219099, 0.716458, 0.662331, 0.630669, 0.0, 0.0, 0.0, 1.0],
                [0.959749, 0.035958, 0.278548, 0.060281, 0.177055, 0.692418, -0.699434, 7.791689, -0.218022, 0.7206, 0.658181, 0.629713, 0.0, 0.0, 0.0, 1.0],
                [0.959809, 0.036154, 0.278315, 0.062939, 0.177971, 0.688377, -0.703181, 8.194952, -0.217008, 0.724452, 0.654276, 0.628638, 0.0, 0.0, 0.0, 1.0],
                [0.959865, 0.036332, 0.2781, 0.065374, 0.178806, 0.684655, -0.706594, 8.568926, -0.216075, 0.727961, 0.65068, 0.627437, 0.0, 0.0, 0.0, 1.0],
                [0.959914, 0.03649, 0.277908, 0.067546, 0.179545, 0.681322, -0.709622, 8.909039, -0.215239, 0.731074, 0.647459, 0.626102, 0.0, 0.0, 0.0, 1.0],
                [0.959957, 0.036625, 0.277742, 0.069414, 0.180178, 0.678443, -0.712215, 9.210712, -0.214517, 0.733739, 0.644678, 0.624627, 0.0, 0.0, 0.0, 1.0],
                [0.959993, 0.036735, 0.277606, 0.070937, 0.180692, 0.676088, -0.714321, 9.469382, -0.213927, 0.735904, 0.642402, 0.623005, 0.0, 0.0, 0.0, 1.0],
                [0.960019, 0.036817, 0.277504, 0.072075, 0.181075, 0.674324, -0.71589, 9.680468, -0.213484, 0.737517, 0.640697, 0.621228, 0.0, 0.0, 0.0, 1.0],
                [0.960035, 0.036868, 0.27744, 0.072788, 0.181314, 0.673218, -0.71687, 9.839398, -0.213207, 0.738525, 0.639628, 0.61929, 0.0, 0.0, 0.0, 1.0],
                [0.960041, 0.036886, 0.277418, 0.073035, 0.181397, 0.672835, -0.717209, 9.941603, -0.213111, 0.738873, 0.639258, 0.617183, 0.0, 0.0, 0.0, 1.0],
                [0.959789, 0.036565, 0.27833, 0.07287, 0.178817, 0.684671, -0.706577, 10.000419, -0.216401, 0.727935, 0.650601, 0.614223, 0.0, 0.0, 0.0, 1.0],
                [0.959192, 0.03574, 0.280487, 0.072476, 0.172447, 0.712194, -0.680471, 10.036095, -0.224081, 0.701072, 0.676968, 0.610334, 0.0, 0.0, 0.0, 1.0],
                [0.958488, 0.034642, 0.283019, 0.072007, 0.164459, 0.743681, -0.647991, 10.054415, -0.232923, 0.667637, 0.707112, 0.606428, 0.0, 0.0, 0.0, 1.0],
                [0.957907, 0.03363, 0.285101, 0.071614, 0.15746, 0.76885, -0.619739, 10.061164, -0.240041, 0.638545, 0.731191, 0.603417, 0.0, 0.0, 0.0, 1.0],
                [0.957666, 0.033181, 0.285962, 0.071449, 0.154446, 0.779061, -0.607626, 10.062128, -0.242943, 0.626069, 0.740956, 0.602211, 0.0, 0.0, 0.0, 1.0],
                [0.957666, 0.033181, 0.285962, 0.071449, 0.154446, 0.779061, -0.607626, 10.062128, -0.242943, 0.626069, 0.740956, 0.602211, 0.0, 0.0, 0.0, 1.0],
                [0.957666, 0.033181, 0.285962, 0.071449, 0.154446, 0.779061, -0.607626, 10.062128, -0.242943, 0.626069, 0.740956, 0.602211, 0.0, 0.0, 0.0, 1.0],
                [0.957666, 0.033181, 0.285962, 0.071449, 0.154446, 0.779061, -0.607626, 10.062128, -0.242943, 0.626069, 0.740956, 0.602211, 0.0, 0.0, 0.0, 1.0],
                [0.957666, 0.033181, 0.285962, 0.071449, 0.154446, 0.779061, -0.607626, 10.062128, -0.242943, 0.626069, 0.740956, 0.602211, 0.0, 0.0, 0.0, 1.0],
                [0.957666, 0.033181, 0.285962, 0.071449, 0.154446, 0.779061, -0.607626, 10.062128, -0.242943, 0.626069, 0.740956, 0.602211, 0.0, 0.0, 0.0, 1.0],
                [0.957666, 0.033181, 0.285962, 0.071449, 0.154446, 0.779061, -0.607626, 10.062128, -0.242943, 0.626069, 0.740956, 0.602211, 0.0, 0.0, 0.0, 1.0],
                [0.957666, 0.033181, 0.285962, 0.071449, 0.154446, 0.779061, -0.607626, 10.062128, -0.242943, 0.626069, 0.740956, 0.602211, 0.0, 0.0, 0.0, 1.0],
                [0.958654, 0.034094, 0.282524, 0.070483, 0.154631, 0.771035, -0.617733, 10.053638, -0.238897, 0.63588, 0.733884, 0.604453, 0.0, 0.0, 0.0, 1.0],
                [0.961371, 0.036405, 0.272837, 0.067794, 0.154862, 0.747924, -0.645467, 10.030001, -0.227559, 0.662785, 0.713395, 0.610696, 0.0, 0.0, 0.0, 1.0],
                [0.965409, 0.039256, 0.257766, 0.063695, 0.154396, 0.710575, -0.686473, 9.993973, -0.210111, 0.702525, 0.679935, 0.620212, 0.0, 0.0, 0.0, 1.0],
                [0.970316, 0.041656, 0.238226, 0.058499, 0.152354, 0.659716, -0.735909, 9.948307, -0.187816, 0.750359, 0.633787, 0.632274, 0.0, 0.0, 0.0, 1.0],
                [0.975614, 0.04267, 0.215307, 0.05252, 0.147963, 0.596689, -0.788713, 9.895756, -0.162126, 0.801337, 0.575825, 0.646154, 0.0, 0.0, 0.0, 1.0],
                [0.980839, 0.041611, 0.190325, 0.046072, 0.140778, 0.523932, -0.840046, 9.839075, -0.134673, 0.850743, 0.508035, 0.661125, 0.0, 0.0, 0.0, 1.0],
                [0.985593, 0.038197, 0.164768, 0.039466, 0.130843, 0.445126, -0.885857, 9.781017, -0.10718, 0.894653, 0.433715, 0.676459, 0.0, 0.0, 0.0, 1.0],
                [0.989591, 0.032632, 0.14016, 0.033017, 0.118751, 0.364978, -0.923412, 9.724336, -0.081288, 0.930444, 0.357304, 0.69143, 0.0, 0.0, 0.0, 1.0],
                [0.992695, 0.025584, 0.11791, 0.027039, 0.105584, 0.28873, -0.951571, 9.671785, -0.058389, 0.957069, 0.28392, 0.70531, 0.0, 0.0, 0.0, 1.0],
                [0.994904, 0.018074, 0.099191, 0.021843, 0.092753, 0.221621, -0.970712, 9.62612, -0.039528, 0.974965, 0.218815, 0.717372, 0.0, 0.0, 0.0, 1.0],
                [0.996324, 0.011303, 0.084919, 0.017744, 0.081812, 0.168492, -0.982302, 9.590092, -0.025411, 0.985638, 0.166948, 0.726888, 0.0, 0.0, 0.0, 1.0],
                [0.9971, 0.006483, 0.075823, 0.015055, 0.07428, 0.133688, -0.988236, 9.566455, -0.016544, 0.991002, 0.132819, 0.733131, 0.0, 0.0, 0.0, 1.0],
                [0.997349, 0.004683, 0.072611, 0.014089, 0.07151, 0.121212, -0.990047, 9.557964, -0.013437, 0.992616, 0.120556, 0.735373, 0.0, 0.0, 0.0, 1.0]
            ]
        },
        {
            "name": "Thigh_R",
            "time": [0.0, 0.01, 0.02, 0.03, 0.04, 0.05, 0.06, 0.07, 0.08, 0.09, 0.1, 0.11, 0.12, 0.13, 0.14, 0.15, 0.16, 0.17, 0.18, 0.19, 0.2, 0.21, 0.22, 0.23, 0.24, 0.25, 0.26, 0.27, 0.28, 0.29, 0.3, 0.31, 0.32, 0.33, 0.34, 0.35, 0.36, 0.37, 0.38, 0.39, 0.4, 0.41, 0.42, 0.43, 0.44, 0.45, 0.46, 0.47, 0.48, 0.49, 0.5, 0.51, 0.52, 0.53, 0.54, 0.55, 0.56, 0.57, 0.58, 0.59, 0.6, 0.61, 0.62, 0.63, 0.64, 0.65],
            "transform": [
                [0.991837, -0.01883, -0.126116, 0.124994, -0.00506, -0.99407, 0.108625, -0.002831, -0.127414, -0.1071, -0.98605, -1.2e-05, 0.0, 0.0, 0.0, 1.0],
                [0.993151, -0.030505, -0.112788, 0.124994, 0.000197, -0.964877, 0.262701, -0.002831, -0.116841, -0.260924, -0.958263, -1.2e-05, 0.0, 0.0, 0.0, 1.0],
                [0.996077, -0.02983, -0.083313, 0.124994, 0.014779, -0.872174, 0.488972, -0.002831, -0.08725, -0.488285, -0.868312, -1.2e-05, 0.0, 0.0, 0.0, 1.0],
                [0.998472, -0.0024, -0.055213, 0.124994, 0.036638, -0.719202, 0.693834, -0.002831, -0.041375, -0.694797, -0.718015, -1.2e-05, 0.0, 0.0, 0.0, 1.0],
                [0.997846, 0.048672, -0.04397, 0.124994, 0.062999, -0.524561, 0.84904, -0.002831, 0.01826, -0.849981, -0.526497, -1.2e-05, 0.0, 0.0, 0.0, 1.0],
                [0.99207, 0.113286, -0.054444, 0.124994, 0.089009, -0.327385, 0.940689, -0.002831, 0.088743, -0.938075, -0.334872, -1.2e-05, 0.0, 0.0, 0.0, 1.0],
                [0.98045, 0.182699, -0.073075, 0.124994, 0.106811, -0.18225, 0.977434, -0.002831, 0.165258, -0.966129, -0.198201, -1.2e-05, 0.0, 0.0, 0.0, 1.0],
                [0.96425, 0.251114, -0.084644, 0.124994, 0.112873, -0.100204, 0.988544, -0.002831, 0.239755, -0.962757, -0.124965, -1.2e-05, 0.0, 0.0, 0.0, 1.0],
                [0.946137, 0.312117, -0.086066, 0.124994, 0.110829, -0.062452, 0.991875, -0.002831, 0.304206, -0.947989, -0.093679, -1.2e-05, 0.0, 0.0, 0.0, 1.0],
                [0.92913, 0.359553, -0.086253, 0.124994, 0.107854, -0.040415, 0.993345, -0.002831, 0.353674, -0.932249, -0.07633, -1.2e-05, 0.0, 0.0, 0.0, 1.0],
                [0.915385, 0.3883, -0.106273, 0.124994, 0.112065, 0.007772, 0.993671, -0.002831, 0.386668, -0.921501, -0.0364, -1.2e-05, 0.0, 0.0, 0.0, 1.0],
                [0.90292, 0.405086, -0.143672, 0.124994, 0.123753, 0.075095, 0.989467, -0.002831, 0.411608, -0.91119, 0.017674, -1.2e-05, 0.0, 0.0, 0.0, 1.0],
                [0.889269, 0.421722, -0.177063, 0.124994, 0.137032, 0.123689, 0.982814, -0.002831, 0.436374, -0.89825, 0.052203, -1.2e-05, 0.0, 0.0, 0.0, 1.0],
                [0.87468, 0.43778, -0.208048, 0.124994, 0.15169, 0.160431, 0.975322, -0.002831, 0.460353, -0.884653, 0.073919, -1.2e-05, 0.0, 0.0, 0.0, 1.0],
                [0.859566, 0.453565, -0.235428, 0.124994, 0.168271, 0.183793, 0.968455, -0.002831, 0.482526, -0.872067, 0.08166, -1.2e-05, 0.0, 0.0, 0.0, 1.0],
                [0.844341, 0.473523, -0.250727, 0.124994, 0.188026, 0.17633, 0.966206, -0.002831, 0.501731, -0.862951, 0.059848, -1.2e-05, 0.0, 0.0, 0.0, 1.0],
                [0.829173, 0.507762, -0.233777, 0.124994, 0.209295, 0.105789, 0.972113, -0.002831, 0.518333, -0.854978, -0.018554, -1.2e-05, 0.0, 0.0, 0.0, 1.0],
                [0.814808, 0.556267, -0.163262, 0.124994, 0.228477, -0.049301, 0.9723, -0.00283, 0.53281, -0.82954, -0.167265, -1.2e-05, 0.0, 0.0, 0.0, 1.0],
                [0.802494, 0.595718, -0.033541, 0.124994, 0.24442, -0.276937, 0.929282, -0.002831, 0.544301, -0.753941, -0.367845, -1.2e-05, 0.0, 0.0, 0.0, 1.0],
                [0.793453, 0.592749, 0.13813, 0.124994, 0.256071, -0.531007, 0.80775, -0.002831, 0.552141, -0.605541, -0.573115, -1.2e-05, 0.0, 0.0, 0.0, 1.0],
                [0.788792, 0.522301, 0.324052, 0.124994, 0.262455, -0.762926, 0.590814, -0.002832, 0.55581, -0.38098, -0.73887, -1.2e-05, 0.0, 0.0, 0.0, 1.0],
                [0.791788, 0.308763, 0.527007, 0.124994, 0.25964, -0.951129, 0.167159, -0.002831, 0.552864, 0.004478, -0.833259, -1.2e-05, 0.0, 0.0, 0.0, 1.0],
                [0.803254, 0.253364, 0.539064, 0.124994, 0.246061, -0.965337, 0.087063, -0.002831, 0.542436, 0.062709, -0.837754, -1.2e-05, 0.0, 0.0, 0.0, 1.0],
                [0.820407, 0.203883, 0.534195, 0.124994, 0.223962, -0.9742, 0.02786, -0.00283, 0.526093, 0.096782, -0.844902, -1.2e-05, 0.0, 0.0, 0.0, 1.0],
                [0.840567, 0.160283, 0.517452, 0.124994, 0.195401, -0.980628, -0.013662, -0.002832, 0.505239, 0.112595, -0.855603, -1.1e-05, 0.0, 0.0, 0.0, 1.0],
                [0.861324, 0.122554, 0.493053, 0.124994, 0.162507, -0.985944, -0.03882, -0.00283, 0.481365, 0.113561, -0.869133, -1.2e-05, 0.0, 0.0, 0.0, 1.0],
                [0.880714, 0.09103, 0.464821, 0.124994, 0.127558, -0.990685, -0.047674, -0.002831, 0.456151, 0.101278, -0.88412, -1.3e-05, 0.0, 0.0, 0.0, 1.0],
                [0.897338, 0.066584, 0.436293, 0.124994, 0.092955, -0.994892, -0.03935, -0.00283, 0.431445, 0.075865, -0.898943, -1.2e-05, 0.0, 0.0, 0.0, 1.0],
                [0.910402, 0.050847, 0.410589, 0.124994, 0.061146, -0.998057, -0.011982, -0.002828, 0.409181, 0.036014, -0.911742, -1.2e-05, 0.0, 0.0, 0.0, 1.0],
                [0.919615, 0.046602, 0.390048, 0.124994, 0.034582, -0.998687, 0.037787, -0.002831, 0.391297, -0.021261, -0.920019, -1.2e-05, 0.0, 0.0, 0.0, 1.0],
                [0.924976, 0.114388, 0.362401, 0.124994, 0.015773, -0.964358, 0.264133, -0.002831, 0.379697, -0.238601, -0.893812, -1.1e-05, 0.0, 0.0, 0.0, 1.0],
                [0.92434, 0.249518, 0.288684, 0.124993, 0.014522, -0.77902, 0.626832, -0.002829, 0.381296, -0.575213, -0.723701, -1.2e-05, 0.0, 0.0, 0.0, 1.0],
                [0.916512, 0.353782, 0.186669, 0.124993, 0.035399, -0.536565, 0.843117, -0.002832, 0.398439, -0.766119, -0.504291, -1.2e-05, 0.0, 0.0, 0.0, 1.0],
                [0.901599, 0.430016, 0.046959, 0.124994, 0.073654, -0.25958, 0.962909, -0.002831, 0.426256, -0.8647, -0.265709, -1.2e-05, 0.0, 0.0, 0.0, 1.0],
                [0.879757, 0.46232, -0.110862, 0.124994, 0.123204, 0.003519, 0.992376, -0.002832, 0.459184, -0.886707, -0.053863, -1.1e-05, 0.0, 0.0, 0.0, 1.0],
                [0.853679, 0.456825, -0.250088, 0.124994, 0.174695, 0.201202, 0.963847, -0.00283, 0.490627, -0.866505, 0.091957, -1.1e-05, 0.0, 0.0, 0.0, 1.0],
                [0.830613, 0.438754, -0.342895, 0.124994, 0.214969, 0.315392, 0.924293, -0.00283, 0.513683, -0.841441, 0.16765, -1.2e-05, 0.0, 0.0, 0.0, 1.0],
                [0.821653, 0.427121, -0.377432, 0.124994, 0.228462, 0.35987, 0.904598, -0.002831, 0.522199, -0.829495, 0.198107, -1.1e-05, 0.0, 0.0, 0.0, 1.0],
                [0.826488, 0.426043, -0.367975, 0.124994, 0.217647, 0.361001, 0.906813, -0.002831, 0.51918, -0.829558, 0.205636, -1.3e-05, 0.0, 0.0, 0.0, 1.0],
                [0.836001, 0.429958, -0.340937, 0.124994, 0.197074, 0.344609, 0.917827, -0.002831, 0.512117, -0.834494, 0.20336, -1.3e-05, 0.0, 0.0, 0.0, 1.0],
                [0.848229, 0.433062, -0.304902, 0.124994, 0.168971, 0.324332, 0.93073, -0.002829, 0.501953, -0.840992, 0.201932, -1.3e-05, 0.0, 0.0, 0.0, 1.0],
                [0.859814, 0.431996, -0.272213, 0.124994, 0.139066, 0.314842, 0.938902, -0.002831, 0.491305, -0.845136, 0.210629, -1.1e-05, 0.0, 0.0, 0.0, 1.0],
                [0.868816, 0.426452, -0.251589, 0.124995, 0.115026, 0.320383, 0.940278, -0.002828, 0.481589, -0.845868, 0.229301, -1.1e-05, 0.0, 0.0, 0.0, 1.0],
                [0.87545, 0.418578, -0.241618, 0.124994, 0.098861, 0.334264, 0.93728, -0.002833, 0.473089, -0.844429, 0.251251, -1.1e-05, 0.0, 0.0, 0.0, 1.0],
                [0.879601, 0.411446, -0.238775, 0.124994, 0.090123, 0.348717, 0.932885, -0.002831, 0.467097, -0.842086, 0.269652, -1.2e-05, 0.0, 0.0, 0.0, 1.0],
                [0.881047, 0.408348, -0.238768, 0.124994, 0.087443, 0.355466, 0.930591, -0.002831, 0.464879, -0.840772, 0.277474, -1.3e-05, 0.0, 0.0, 0.0, 1.0],
                [0.881046, 0.408348, -0.238768, 0.124994, 0.087443, 0.355467, 0.93059, -0.002829, 0.464879, -0.840771, 0.277475, -1.3e-05, 0.0, 0.0, 0.0, 1.0],
                [0.881046, 0.408348, -0.238768, 0.124994, 0.087443, 0.355467, 0.93059, -0.002829, 0.464879, -0.840771, 0.277475, -1.3e-05, 0.0, 0.0, 0.0, 1.0],
                [0.881046, 0.408348, -0.238768, 0.124994, 0.087443, 0.355467, 0.93059, -0.002829, 0.464879, -0.840771, 0.277475, -1.3e-05, 0.0, 0.0, 0.0, 1.0],
                [0.881046, 0.408348, -0.238768, 0.124994, 0.087443, 0.355467, 0.93059, -0.002829, 0.464879, -0.840771, 0.277475, -1.3e-05, 0.0, 0.0, 0.0, 1.0],
                [0.881046, 0.408348, -0.238768, 0.124994, 0.087443, 0.355467, 0.93059, -0.002829, 0.464879, -0.840771, 0.277475, -1.3e-05, 0.0, 0.0, 0.0, 1.0],
                [0.881046, 0.408348, -0.238768, 0.124994, 0.087443, 0.355467, 0.93059, -0.002829, 0.464879, -0.840771, 0.277475, -1.3e-05, 0.0, 0.0, 0.0, 1.0],
                [0.881046, 0.408348, -0.238768, 0.124994, 0.087443, 0.355467, 0.93059, -0.002829, 0.464879, -0.840771, 0.277475, -1.3e-05, 0.0, 0.0, 0.0, 1.0],
                [0.883372, 0.408388, -0.229946, 0.124994, 0.089771, 0.334108, 0.93825, -0.002832, 0.459996, -0.849466, 0.258479, -1.1e-05, 0.0, 0.0, 0.0, 1.0],
                [0.889739, 0.407636, -0.205417, 0.124994, 0.095912, 0.273018, 0.957215, -0.00283, 0.446278, -0.871374, 0.203818, -1.1e-05, 0.0, 0.0, 0.0, 1.0],
                [0.899141, 0.403998, -0.168321, 0.124994, 0.104298, 0.17572, 0.9789, -0.002831, 0.425051, -0.897724, 0.115861, -1.3e-05, 0.0, 0.0, 0.0, 1.0],
                [0.910504, 0.394981, -0.122365, 0.124994, 0.113203, 0.046517, 0.992482, -0.002831, 0.397704, -0.917511, -0.002359, -1.1e-05, 0.0, 0.0, 0.0, 1.0],
                [0.922775, 0.378565, -0.071947, 0.124993, 0.12103, -0.107473, 0.986814, -0.002832, 0.36584, -0.919314, -0.144991, -1.4e-05, 0.0, 0.0, 0.0, 1.0],
                [0.935001, 0.353976, -0.021788, 0.124994, 0.126552, -0.275625, 0.952898, -0.002832, 0.331297, -0.893718, -0.302505, -1.1e-05, 0.0, 0.0, 0.0, 1.0],
                [0.946394, 0.322142, 0.023756, 0.124994, 0.129113, -0.444672, 0.886339, -0.002831, 0.296091, -0.835758, -0.462427, -1.2e-05, 0.0, 0.0, 0.0, 1.0],
                [0.956384, 0.285546, 0.061581, 0.124994, 0.128684, -0.601105, 0.788741, -0.00283, 0.262238, -0.746416, -0.611632, -8e-06, 0.0, 0.0, 0.0, 1.0],
                [0.964639, 0.247598, 0.090371, 0.124994, 0.125831, -0.733878, 0.667526, -0.002831, 0.2316, -0.63255, -0.739082, -1.1e-05, 0.0, 0.0, 0.0, 1.0],
                [0.971027, 0.211813, 0.110645, 0.124994, 0.121553, -0.83642, 0.53444, -0.00283, 0.205747, -0.505507, -0.837932, -1.2e-05, 0.0, 0.0, 0.0, 1.0],
                [0.975558, 0.181231, 0.124263, 0.124994, 0.117078, -0.907235, 0.404003, -0.002831, 0.185954, -0.37958, -0.906278, -1.1e-05, 0.0, 0.0, 0.0, 1.0],
                [0.978292, 0.158632, 0.133348, 0.124994, 0.113649, -0.948753, 0.294874, -0.002831, 0.173291, -0.273318, -0.946186, -1.2e-05, 0.0, 0.0, 0.0, 1.0],
                [0.979228, 0.149028, 0.13749, 0.124994, 0.112326, -0.963232, 0.244064, -0.002831, 0.168808, -0.223551, -0.959963, -1.3e-05, 0.0, 0.0, 0.0, 1.0]
            ]
        },
        {
            "name": "Leg_R",
            "time": [0.0, 0.01, 0.02, 0.03, 0.04, 0.05, 0.06, 0.07, 0.08, 0.09, 0.1, 0.11, 0.12, 0.13, 0.14, 0.15, 0.16, 0.17, 0.18, 0.19, 0.2, 0.21, 0.22, 0.23, 0.24, 0.25, 0.26, 0.27, 0.28, 0.29, 0.3, 0.31, 0.32, 0.33, 0.34, 0.35, 0.36, 0.37, 0.38, 0.39, 0.4, 0.41, 0.42, 0.43, 0.44, 0.45, 0.46, 0.47, 0.48, 0.49, 0.5, 0.51, 0.52, 0.53, 0.54, 0.55, 0.56, 0.57, 0.58, 0.59, 0.6, 0.61, 0.62, 0.63, 0.64, 0.65],
            "transform": [
                [1.0, -0.0, 1e-06, -0.0, -0.0, 0.967923, 0.251244, 0.374726, -1e-06, -0.251243, 0.967926, 0.0, 0.0, 0.0, 0.0, 1.0],
                [1.0, -0.0, 1e-06, -0.0, -0.0, 0.864431, 0.502752, 0.374726, -1e-06, -0.502752, 0.864431, 0.0, 0.0, 0.0, 0.0, 1.0],
                [1.0, -1e-06, 1e-06, -0.0, -0.0, 0.623029, 0.782198, 0.374726, -1e-06, -0.782198, 0.62303, -0.0, 0.0, 0.0, 0.0, 1.0],
                [1.0, -1e-06, 0.0, -0.0, -0.0, 0.346032, 0.938222, 0.374726, -1e-06, -0.938222, 0.346033, 0.0, 0.0, 0.0, 0.0, 1.0],
                [1.0, -1e-06, 0.0, 0.0, -0.0, 0.11594, 0.993256, 0.374726, -1e-06, -0.993256, 0.115941, 0.0, 0.0, 0.0, 0.0, 1.0],
                [1.0, -1e-06, 0.0, 0.0, -0.0, -0.011701, 0.999931, 0.374726, -1e-06, -0.999932, -0.011701, 0.0, 0.0, 0.0, 0.0, 1.0],
                [1.0, -1e-06, 0.0, -0.0, -0.0, -0.004296, 0.99999, 0.374726, -1e-06, -0.999991, -0.004296, -0.0, 0.0, 0.0, 0.0, 1.0],
                [1.0, -1e-06, 0.0, -0.0, -0.0, 0.107468, 0.994208, 0.374726, -1e-06, -0.994209, 0.107468, 0.0, 0.0, 0.0, 0.0, 1.0],
                [1.0, -1e-06, 0.0, -0.0, -0.0, 0.27464, 0.961547, 0.374726, -1e-06, -0.961547, 0.274641, -0.0, 0.0, 0.0, 0.0, 1.0],
                [1.0, -1e-06, 1e-06, -0.0, -0.0, 0.442256, 0.896889, 0.374726, -1e-06, -0.896888, 0.442256, -0.0, 0.0, 0.0, 0.0, 1.0],
                [0.999999, -1e-06, 1e-06, -0.0, -0.0, 0.544552, 0.838727, 0.374726, -1e-06, -0.838727, 0.544552, -0.0, 0.0, 0.0, 0.0, 1.0],
                [1.0, -1e-06, 1e-06, 0.0, -0.0, 0.589146, 0.808026, 0.374726, -1e-06, -0.808026, 0.589147, 0.0, 0.0, 0.0, 0.0, 1.0],
                [1.0, -1e-06, 1e-06, 0.0, -0.0, 0.614919, 0.78859, 0.374726, -1e-06, -0.78859, 0.614919, -0.0, 0.0, 0.0, 0.0, 1.0],
                [1.0, -1e-06, 1e-06, 0.0, -0.0, 0.601049, 0.799212, 0.374726, -1e-06, -0.799212, 0.601049, -0.0, 0.0, 0.0, 0.0, 1.0],
                [1.0, -1e-06, 1e-06, 0.0, -0.0, 0.53378, 0.845622, 0.374726, -1e-06, -0.845623, 0.533781, -0.0, 0.0, 0.0, 0.0, 1.0],
                [1.0, -1e-06, 0.0, -0.0, -0.0, 0.414392, 0.910098, 0.374726, -1e-06, -0.910099, 0.414392, 0.0, 0.0, 0.0, 0.0, 1.0],
                [1.0, -1e-06, 0.0, -0.0, -0.0, 0.287288, 0.957844, 0.374726, -1e-06, -0.957844, 0.287288, 0.0, 0.0, 0.0, 0.0, 1.0],
                [1.0, -1e-06, 0.0, 0.0, -0.0, 0.227322, 0.97382, 0.374726, -1e-06, -0.97382, 0.227322, 0.0, 0.0, 0.0, 0.0, 1.0],
                [1.0, -1e-06, 0.0, -0.0, -0.0, 0.280154, 0.959955, 0.374726, -1e-06, -0.959955, 0.280154, 0.0, 0.0, 0.0, 0.0, 1.0],
                [1.0, -1e-06, 0.0, -0.0, -0.0, 0.457797, 0.889057, 0.374726, -1e-06, -0.889057, 0.457797, 1e-06, 0.0, 0.0, 0.0, 1.0],
                [1.0, -1e-06, 1e-06, -0.0, -0.0, 0.734123, 0.679016, 0.374726, -1e-06, -0.679016, 0.734124, 1e-06, 0.0, 0.0, 0.0, 1.0],
                [1.0, -0.0, 1e-06, -0.0, 0.0, 0.999988, 0.004692, 0.374726, -1e-06, -0.004692, 0.99999, -0.0, 0.0, 0.0, 0.0, 1.0],
                [1.0, 0.0, 1e-06, 0.0, -0.0, 0.999988, 0.004763, 0.374726, -1e-06, -0.004763, 0.999989, 0.0, 0.0, 0.0, 0.0, 1.0],
                [1.000001, -0.0, 1e-06, 0.0, -0.0, 0.999988, 0.004811, 0.374726, -1e-06, -0.004811, 0.999989, 0.0, 0.0, 0.0, 0.0, 1.0],
                [1.0, -0.0, 1e-06, -0.0, 0.0, 0.999988, 0.004841, 0.374727, -1e-06, -0.004841, 0.999988, -0.0, 0.0, 0.0, 0.0, 1.0],
                [1.0, -0.0, 1e-06, -0.0, -0.0, 0.999988, 0.004854, 0.374726, -1e-06, -0.004854, 0.999989, 1e-06, 0.0, 0.0, 0.0, 1.0],
                [1.0, 0.0, 1e-06, -0.0, 0.0, 0.999988, 0.004852, 0.374726, -1e-06, -0.004852, 0.999989, -0.0, 0.0, 0.0, 0.0, 1.0],
                [1.0, -0.0, 1e-06, 0.0, 0.0, 0.999988, 0.004835, 0.374726, -1e-06, -0.004835, 0.999989, -0.0, 0.0, 0.0, 0.0, 1.0],
                [1.0, -0.0, 1e-06, 0.0, -0.0, 0.999988, 0.004801, 0.374726, -1e-06, -0.004801, 0.999989, -0.0, 0.0, 0.0, 0.0, 1.0],
                [1.0, -0.0, 1e-06, -0.0, 0.0, 0.999989, 0.004746, 0.374727, -1e-06, -0.004746, 0.999988, -1e-06, 0.0, 0.0, 0.0, 1.0],
                [1.0, -0.0, 1e-06, -0.0, -0.0, 0.953126, 0.302571, 0.374726, -1e-06, -0.302571, 0.953128, -2e-06, 0.0, 0.0, 0.0, 1.0],
                [1.0, -1e-06, 1e-06, -0.0, -0.0, 0.61902, 0.785375, 0.374726, -1e-06, -0.785375, 0.619021, -1e-06, 0.0, 0.0, 0.0, 1.0],
                [1.0, -1e-06, 1e-06, 0.0, -0.0, 0.31, 0.950736, 0.374726, -1e-06, -0.950736, 0.310001, 0.0, 0.0, 0.0, 0.0, 1.0],
                [1.0, -1e-06, 0.0, 0.0, -0.0, 0.08604, 0.996292, 0.374726, -1e-06, -0.996292, 0.08604, -0.0, 0.0, 0.0, 0.0, 1.0],
                [1.0, -1e-06, 0.0, -0.0, -0.0, -0.028232, 0.999601, 0.374728, -1e-06, -0.999601, -0.028232, 0.0, 0.0, 0.0, 0.0, 1.0],
                [1.0, -1e-06, 0.0, -0.0, -0.0, -0.046271, 0.998928, 0.374727, -1e-06, -0.998929, -0.046271, -0.0, 0.0, 0.0, 0.0, 1.0],
                [1.0, -1e-06, 0.0, 0.0, -0.0, -0.011975, 0.999928, 0.374725, -1e-06, -0.999928, -0.011975, -0.0, 0.0, 0.0, 0.0, 1.0],
                [1.0, -1e-06, 0.0, -0.0, -0.0, 0.018695, 0.999825, 0.374727, -1e-06, -0.999825, 0.018695, -0.0, 0.0, 0.0, 0.0, 1.0],
                [1.0, -1e-06, 0.0, -0.0, -0.0, 0.037467, 0.999298, 0.374726, -1e-06, -0.999298, 0.037467, 0.0, 0.0, 0.0, 0.0, 1.0],
                [1.0, -1e-06, 0.0, -0.0, -0.0, 0.075793, 0.997123, 0.374727, -1e-06, -0.997123, 0.075793, -0.0, 0.0, 0.0, 0.0, 1.0],
                [1.0, -1e-06, 0.0, -0.0, -0.0, 0.147142, 0.989115, 0.374725, -1e-06, -0.989116, 0.147142, 0.0, 0.0, 0.0, 0.0, 1.0],
                [1.0, -1e-06, 0.0, 0.0, -0.0, 0.235326, 0.971916, 0.374726, -1e-06, -0.971917, 0.235326, -0.0, 0.0, 0.0, 0.0, 1.0],
                [1.0, -1e-06, 0.0, 0.0, -0.0, 0.309882, 0.950775, 0.374726, -1e-06, -0.950775, 0.309882, -1e-06, 0.0, 0.0, 0.0, 1.0],
                [1.0, -1e-06, 1e-06, 0.0, -0.0, 0.367071, 0.930192, 0.374727, -1e-06, -0.930192, 0.367072, -0.0, 0.0, 0.0, 0.0, 1.0],
                [1.0, -1e-06, 1e-06, 0.0, -0.0, 0.403579, 0.914945, 0.374725, -1e-06, -0.914945, 0.40358, 1e-06, 0.0, 0.0, 0.0, 1.0],
                [1.0, -1e-06, 1e-06, 0.0, -0.0, 0.416332, 0.909212, 0.374724, -1e-06, -0.909212, 0.416332, 0.0, 0.0, 0.0, 0.0, 1.0],
                [1.0, -1e-06, 0.0, -0.0, -0.0, 0.416332, 0.909212, 0.374726, -1e-06, -0.909212, 0.416332, -0.0, 0.0, 0.0, 0.0, 1.0],
                [1.0, -1e-06, 1e-06, 0.0, -0.0, 0.416332, 0.909212, 0.374727, -1e-06, -0.909212, 0.416333, -0.0, 0.0, 0.0, 0.0, 1.0],
                [1.0, -1e-06, 1e-06, 0.0, -0.0, 0.416332, 0.909212, 0.374726, -1e-06, -0.909212, 0.416332, -0.0, 0.0, 0.0, 0.0, 1.0],
                [1.0, -1e-06, 1e-06, 0.0, -0.0, 0.416332, 0.909212, 0.374726, -1e-06, -0.909212, 0.416332, -0.0, 0.0, 0.0, 0.0, 1.0],
                [1.0, -1e-06, 1e-06, 0.0, -0.0, 0.416332, 0.909212, 0.374726, -1e-06, -0.909212, 0.416332, -0.0, 0.0, 0.0, 0.0, 1.0],
                [1.0, -1e-06, 1e-06, 0.0, -0.0, 0.416332, 0.909212, 0.374726, -1e-06, -0.909212, 0.416332, -0.0, 0.0, 0.0, 0.0, 1.0],
                [1.0, -1e-06, 1e-06, 0.0, -0.0, 0.416332, 0.909212, 0.374726, -1e-06, -0.909212, 0.416332, -0.0, 0.0, 0.0, 0.0, 1.0],
                [1.0, -1e-06, 1e-06, 0.0, -0.0, 0.419456, 0.907775, 0.374725, -1e-06, -0.907775, 0.419457, 0.0, 0.0, 0.0, 0.0, 1.0],
                [1.000001, -1e-06, 1e-06, -0.0, -0.0, 0.429404, 0.903112, 0.374725, -1e-06, -0.903113, 0.429404, 0.0, 0.0, 0.0, 0.0, 1.0],
                [1.0, -1e-06, 1e-06, 0.0, -0.0, 0.448114, 0.893976, 0.374724, -1e-06, -0.893977, 0.448114, -0.0, 0.0, 0.0, 0.0, 1.0],
                [1.0, -1e-06, 1e-06, 0.0, -0.0, 0.477915, 0.878406, 0.374727, -1e-06, -0.878406, 0.477915, -0.0, 0.0, 0.0, 0.0, 1.0],
                [1.0, -1e-06, 1e-06, -0.0, -0.0, 0.520387, 0.85393, 0.374726, -1e-06, -0.85393, 0.520387, -1e-06, 0.0, 0.0, 0.0, 1.0],
                [1.0, -1e-06, 1e-06, 0.0, -0.0, 0.575739, 0.817634, 0.374727, -1e-06, -0.817634, 0.575739, -1e-06, 0.0, 0.0, 0.0, 1.0],
                [1.0, -1e-06, 1e-06, 0.0, -0.0, 0.642248, 0.766496, 0.374725, -1e-06, -0.766496, 0.642249, -0.0, 0.0, 0.0, 0.0, 1.0],
                [1.0, -1e-06, 1e-06, -0.0, -0.0, 0.716369, 0.697721, 0.374726, -1e-06, -0.697721, 0.71637, -1e-06, 0.0, 0.0, 0.0, 1.0],
                [1.0, -0.0, 1e-06, 0.0, -0.0, 0.792821, 0.609453, 0.374725, -1e-06, -0.609452, 0.792823, 1e-06, 0.0, 0.0, 0.0, 1.0],
                [1.0, -0.0, 1e-06, 0.0, -0.0, 0.865048, 0.501688, 0.374726, -1e-06, -0.501687, 0.86505, 0.0, 0.0, 0.0, 0.0, 1.0],
                [1.0, -0.0, 1e-06, 0.0, -0.0, 0.925676, 0.378314, 0.374726, -1e-06, -0.378314, 0.925678, -1e-06, 0.0, 0.0, 0.0, 1.0],
                [1.0, -0.0, 1e-06, 0.0, -0.0, 0.96712, 0.254324, 0.374726, -1e-06, -0.254324, 0.967119, -1e-06, 0.0, 0.0, 0.0, 1.0],
                [1.0, -0.0, 1e-06, 0.0, -0.0, 0.982384, 0.186864, 0.374726, -1e-06, -0.186863, 0.982387, 1e-06, 0.0, 0.0, 0.0, 1.0]
            ]
        },
        {
            "name": "Knee_R",
            "time": [0.0, 0.65],
            "transform": [
                [1.0, 0.0, -0.0, -0.0, -0.0, 0.00567, -0.999984, 0.374726, -0.0, 0.999984, 0.00567, 0.0, 0.0, 0.0, 0.0, 1.0],
                [1.0, 0.0, -0.0, 0.0, -0.0, 0.00567, -0.999984, 0.374726, -0.0, 0.999984, 0.00567, 1e-06, 0.0, 0.0, 0.0, 1.0]
            ]
        },
        {
            "name": "Thigh_L",
            "time": [0.0, 0.01, 0.02, 0.03, 0.04, 0.05, 0.06, 0.07, 0.08, 0.09, 0.1, 0.11, 0.12, 0.13, 0.14, 0.15, 0.16, 0.17, 0.18, 0.19, 0.2, 0.21, 0.22, 0.23, 0.24, 0.25, 0.26, 0.27, 0.28, 0.29, 0.3, 0.31, 0.32, 0.33, 0.34, 0.35, 0.36, 0.37, 0.38, 0.39, 0.4, 0.41, 0.42, 0.43, 0.44, 0.45, 0.46, 0.47, 0.48, 0.49, 0.5, 0.51, 0.52, 0.53, 0.54, 0.55, 0.56, 0.57, 0.58, 0.59, 0.6, 0.61, 0.62, 0.63, 0.64, 0.65],
            "transform": [
                [0.997849, -0.00938, -0.064881, -0.125006, -0.004417, -0.997083, 0.07621, -0.002831, -0.065406, -0.075759, -0.994978, -1.2e-05, 0.0, 0.0, 0.0, 1.0],
                [0.998423, -0.008299, -0.055521, -0.125006, -0.001931, -0.993505, 0.113779, -0.002831, -0.056105, -0.113493, -0.991954, -1.2e-05, 0.0, 0.0, 0.0, 1.0],
                [0.999521, -0.001449, -0.030897, -0.125006, 0.004419, -0.98197, 0.188985, -0.002831, -0.030614, -0.189031, -0.981494, -1.2e-05, 0.0, 0.0, 0.0, 1.0],
                [0.999894, 0.014004, 0.003913, -0.125006, 0.012442, -0.963309, 0.268107, -0.002831, 0.007524, -0.26803, -0.963381, -1.2e-05, 0.0, 0.0, 0.0, 1.0],
                [0.998317, 0.036985, 0.044664, -0.125006, 0.019746, -0.940991, 0.337858, -0.00283, 0.054524, -0.336407, -0.940137, -1.2e-05, 0.0, 0.0, 0.0, 1.0],
                [0.994054, 0.063828, 0.088214, -0.125006, 0.024321, -0.919853, 0.391509, -0.002831, 0.106133, -0.387036, -0.915936, -1.2e-05, 0.0, 0.0, 0.0, 1.0],
                [0.987161, 0.089479, 0.132317, -0.125006, 0.025075, -0.904907, 0.424871, -0.002831, 0.157751, -0.416098, -0.895531, -1.2e-05, 0.0, 0.0, 0.0, 1.0],
                [0.978544, 0.108701, 0.175031, -0.125006, 0.022185, -0.900156, 0.435001, -0.002831, 0.20484, -0.421785, -0.883254, -1.2e-05, 0.0, 0.0, 0.0, 1.0],
                [0.969769, 0.11709, 0.214101, -0.125006, 0.017151, -0.907901, 0.418834, -0.002831, 0.243424, -0.4025, -0.882461, -1.2e-05, 0.0, 0.0, 0.0, 1.0],
                [0.962668, 0.111262, 0.24676, -0.125006, 0.012532, -0.92896, 0.369968, -0.002831, 0.270393, -0.353063, -0.895675, -1.2e-05, 0.0, 0.0, 0.0, 1.0],
                [0.958929, 0.085509, 0.27045, -0.125006, 0.011484, -0.964401, 0.264198, -0.00283, 0.283413, -0.250242, -0.925773, -1.2e-05, 0.0, 0.0, 0.0, 1.0],
                [0.958635, 0.052944, 0.27967, -0.125006, 0.0052, -0.985643, 0.168764, -0.002831, 0.28459, -0.160329, -0.945147, -1.2e-05, 0.0, 0.0, 0.0, 1.0],
                [0.960954, 0.074406, 0.266518, -0.125006, -0.014663, -0.948123, 0.317567, -0.002831, 0.276321, -0.309075, -0.910011, -1.2e-05, 0.0, 0.0, 0.0, 1.0],
                [0.965282, 0.09319, 0.244024, -0.125006, -0.045473, -0.859982, 0.508295, -0.002831, 0.257224, -0.501744, -0.825887, -1.2e-05, 0.0, 0.0, 0.0, 1.0],
                [0.970204, 0.089215, 0.225267, -0.125006, -0.085988, -0.742433, 0.664379, -0.002831, 0.226518, -0.663954, -0.71264, -1.2e-05, 0.0, 0.0, 0.0, 1.0],
                [0.973377, 0.061208, 0.220889, -0.125006, -0.136048, -0.621297, 0.771674, -0.002831, 0.18447, -0.781181, -0.596428, -1.2e-05, 0.0, 0.0, 0.0, 1.0],
                [0.97192, 0.01548, 0.234804, -0.125006, -0.193323, -0.516374, 0.834257, -0.002831, 0.134161, -0.856224, -0.49888, -1.2e-05, 0.0, 0.0, 0.0, 1.0],
                [0.964457, -0.03422, 0.262015, -0.125006, -0.251536, -0.422656, 0.870685, -0.00283, 0.080948, -0.905644, -0.41624, -1.2e-05, 0.0, 0.0, 0.0, 1.0],
                [0.952077, -0.075313, 0.296442, -0.125006, -0.304275, -0.331741, 0.892954, -0.002831, 0.03109, -0.94036, -0.338758, -1.2e-05, 0.0, 0.0, 0.0, 1.0],
                [0.938679, -0.094741, 0.331521, -0.125006, -0.3447, -0.235541, 0.908682, -0.00283, -0.008003, -0.967236, -0.253755, -1.2e-05, 0.0, 0.0, 0.0, 1.0],
                [0.92997, -0.080864, 0.358632, -0.125006, -0.366486, -0.126822, 0.92174, -0.002832, -0.029053, -0.988624, -0.147576, -1.2e-05, 0.0, 0.0, 0.0, 1.0],
                [0.930799, -0.029688, 0.364324, -0.125006, -0.364573, -0.003232, 0.93117, -0.002832, -0.026466, -0.999554, -0.013832, -1.1e-05, 0.0, 0.0, 0.0, 1.0],
                [0.940175, 0.041492, 0.338158, -0.125006, -0.340685, 0.121507, 0.932293, -0.002832, -0.002406, -0.991723, 0.128374, -1.2e-05, 0.0, 0.0, 0.0, 1.0],
                [0.953337, 0.108705, 0.281658, -0.125006, -0.299616, 0.225928, 0.926924, -0.00283, 0.037126, -0.96806, 0.247956, -1.2e-05, 0.0, 0.0, 0.0, 1.0],
                [0.965221, 0.157857, 0.2084, -0.125006, -0.247151, 0.291059, 0.92423, -0.002831, 0.08524, -0.943592, 0.319951, -1.1e-05, 0.0, 0.0, 0.0, 1.0],
                [0.972466, 0.18965, 0.135432, -0.125006, -0.189934, 0.308259, 0.932149, -0.00283, 0.135034, -0.932207, 0.335792, -1.3e-05, 0.0, 0.0, 0.0, 1.0],
                [0.974289, 0.212311, 0.075398, -0.125006, -0.134497, 0.279599, 0.95065, -0.00283, 0.180752, -0.936348, 0.300965, -1.2e-05, 0.0, 0.0, 0.0, 1.0],
                [0.972019, 0.232303, 0.034867, -0.125006, -0.086244, 0.214856, 0.97283, -0.00283, 0.2185, -0.948616, 0.228879, -1.2e-05, 0.0, 0.0, 0.0, 1.0],
                [0.967988, 0.250568, 0.014662, -0.125006, -0.049106, 0.131771, 0.990064, -0.00283, 0.246147, -0.95909, 0.139857, -1.1e-05, 0.0, 0.0, 0.0, 1.0],
                [0.964547, 0.263757, 0.009066, -0.125006, -0.025965, 0.060658, 0.997822, -0.00283, 0.262632, -0.962681, 0.065355, -1.2e-05, 0.0, 0.0, 0.0, 1.0],
                [0.963473, 0.267657, 0.008957, -0.125006, -0.019534, 0.036881, 0.999129, -0.00283, 0.267093, -0.962809, 0.040762, -1.3e-05, 0.0, 0.0, 0.0, 1.0],
                [0.963865, 0.266203, 0.010062, -0.125006, -0.022146, 0.042432, 0.998854, -0.002828, 0.265471, -0.962983, 0.046794, -1.3e-05, 0.0, 0.0, 0.0, 1.0],
                [0.964132, 0.264916, 0.016429, -0.125007, -0.024345, 0.026624, 0.999349, -0.002831, 0.264306, -0.963905, 0.032118, -1.1e-05, 0.0, 0.0, 0.0, 1.0],
                [0.964349, 0.262324, 0.03488, -0.125006, -0.026611, -0.03501, 0.999033, -0.002832, 0.263291, -0.964345, -0.026782, -1.2e-05, 0.0, 0.0, 0.0, 1.0],
                [0.964579, 0.254909, 0.067902, -0.125006, -0.029417, -0.151854, 0.987965, -0.002831, 0.262152, -0.954967, -0.138977, -1.2e-05, 0.0, 0.0, 0.0, 1.0],
                [0.96486, 0.23735, 0.112743, -0.125006, -0.033223, -0.315426, 0.948369, -0.002831, 0.260657, -0.918789, -0.296456, -1.2e-05, 0.0, 0.0, 0.0, 1.0],
                [0.965217, 0.205665, 0.161425, -0.125006, -0.03848, -0.498947, 0.865778, -0.002831, 0.258602, -0.841875, -0.473677, -1.2e-05, 0.0, 0.0, 0.0, 1.0],
                [0.965647, 0.160586, 0.204301, -0.125006, -0.045641, -0.669167, 0.74171, -0.002831, 0.255819, -0.725554, -0.638849, -1.1e-05, 0.0, 0.0, 0.0, 1.0],
                [0.966113, 0.107557, 0.234646, -0.125006, -0.05517, -0.802001, 0.594771, -0.002831, 0.252158, -0.587561, -0.768888, -1.2e-05, 0.0, 0.0, 0.0, 1.0],
                [0.966536, 0.054735, 0.250625, -0.125007, -0.067582, -0.888132, 0.454594, -0.002831, 0.24747, -0.456319, -0.854711, -1.3e-05, 0.0, 0.0, 0.0, 1.0],
                [0.966781, 0.012196, 0.255314, -0.125005, -0.083511, -0.928974, 0.360604, -0.002828, 0.241578, -0.369947, -0.897095, -1.3e-05, 0.0, 0.0, 0.0, 1.0],
                [0.973448, -0.040034, 0.225379, -0.125006, -0.109888, -0.945446, 0.306688, -0.00283, 0.200805, -0.323311, -0.924742, -1.2e-05, 0.0, 0.0, 0.0, 1.0],
                [0.984918, -0.111298, 0.132476, -0.125005, -0.137534, -0.968167, 0.209131, -0.00283, 0.104983, -0.224197, -0.968872, -1.2e-05, 0.0, 0.0, 0.0, 1.0],
                [0.989216, -0.146429, 0.003207, -0.125006, -0.144774, -0.974247, 0.172867, -0.002832, -0.022188, -0.171467, -0.98494, -1.1e-05, 0.0, 0.0, 0.0, 1.0],
                [0.981438, -0.159021, -0.107203, -0.125006, -0.128648, -0.960453, 0.24694, -0.002832, -0.142233, -0.228565, -0.963083, -1.1e-05, 0.0, 0.0, 0.0, 1.0],
                [0.973715, -0.163499, -0.158581, -0.125005, -0.11493, -0.953778, 0.277669, -0.00283, -0.19665, -0.252145, -0.947498, -1.3e-05, 0.0, 0.0, 0.0, 1.0],
                [0.973715, -0.163499, -0.158581, -0.125006, -0.11493, -0.953778, 0.277669, -0.002829, -0.196649, -0.252145, -0.947498, -1.3e-05, 0.0, 0.0, 0.0, 1.0],
