{
    "animation": [
        {
            "name": "Root",
            "time": [0.0, 0.01, 0.02, 0.03, 0.04, 0.05, 0.06, 0.07, 0.08, 0.09, 0.1, 0.11, 0.12, 0.13, 0.14, 0.15, 0.16, 0.17, 0.18, 0.19, 0.2, 0.21, 0.22, 0.23, 0.24, 0.25, 0.26, 0.27, 0.28, 0.29, 0.3, 0.31, 0.32, 0.33, 0.34, 0.35, 0.36, 0.37, 0.38, 0.39, 0.4, 0.41, 0.42, 0.43, 0.44, 0.45, 0.46, 0.47, 0.48, 0.49, 0.5, 0.51, 0.52, 0.53, 0.54, 0.55, 0.56, 0.57, 0.58, 0.59, 0.6, 0.61, 0.62, 0.63, 0.64, 0.65, 0.66, 0.67, 0.68, 0.69, 0.7, 0.71, 0.72, 0.73, 0.74, 0.75, 0.76, 0.77, 0.78, 0.79, 0.8, 0.81, 0.82, 0.83, 0.84, 0.85, 0.86, 0.87, 0.88, 0.89, 0.9, 0.91, 0.92, 0.93, 0.94, 0.95, 0.96, 0.97, 0.98, 0.99, 1.0, 1.01, 1.02, 1.03, 1.04, 1.05, 1.06, 1.07, 1.08, 1.09, 1.1, 1.11, 1.12, 1.13, 1.14, 1.15, 1.16, 1.17, 1.18, 1.19, 1.2],
            "transform": [
                [-0.0, 0.0, 1.0, 0.020327, 1.0, -0.0, 0.0, -0.062661, 0.0, 1.0, -0.0, 0.45913, 0.0, 0.0, 0.0, 1.0],
                [-0.0, 0.0, 1.0, 0.01935, 1.0, -0.0, 0.0, -0.094383, 0.0, 1.0, -0.0, 0.406839, 0.0, 0.0, 0.0, 1.0],
                [-0.0, 0.0, 1.0, 0.014823, 1.0, -0.0, 0.0, -0.171871, 0.0, 1.0, -0.0, 0.416791, 0.0, 0.0, 0.0, 1.0],
                [-0.0, 0.0, 1.0, 0.009778, 1.0, -0.0, 0.0, -0.270244, 0.0, 1.0, -0.0, 0.426743, 0.0, 0.0, 0.0, 1.0],
                [-0.0, 0.0, 1.0, 0.007061, 1.0, -0.0, 0.0, -0.345506, 0.0, 1.0, -0.0, 0.436695, 0.0, 0.0, 0.0, 1.0],
                [-0.0, 0.0, 1.0, 0.005368, 1.0, -0.0, 0.0, -0.395118, 0.0, 1.0, -0.0, 0.446648, 0.0, 0.0, 0.0, 1.0],
                [-0.0, 0.0, 1.0, 0.004409, 1.0, -0.0, 0.0, -0.437999, 0.0, 1.0, -0.0, 0.4566, 0.0, 0.0, 0.0, 1.0],
                [-0.0, 0.0, 1.0, 0.003923, 1.0, -0.0, 0.0, -0.473165, 0.0, 1.0, -0.0, 0.466552, 0.0, 0.0, 0.0, 1.0],
                [-0.0, 0.0, 1.0, 0.003253, 1.0, -0.0, 0.0, -0.504793, 0.0, 1.0, -0.0, 0.432928, 0.0, 0.0, 0.0, 1.0],
                [-0.0, 0.0, 1.0, 0.002312, 1.0, -0.0, 0.0, -0.538062, 0.0, 1.0, -0.0, 0.399305, 0.0, 0.0, 0.0, 1.0],
                [-0.0, 0.0, 1.0, 0.001226, 1.0, -0.0, 0.0, -0.576686, 0.0, 1.0, -0.0, 0.365682, 0.0, 0.0, 0.0, 1.0],
                [-0.0, 0.0, 1.0, 0.000166, 1.0, -0.0, 0.0, -0.621423, 0.0, 1.0, -0.0, 0.332059, 0.0, 0.0, 0.0, 1.0],
                [-0.0, 0.0, 1.0, -0.000815, 1.0, -0.0, 0.0, -0.671497, 0.0, 1.0, -0.0, 0.310154, 0.0, 0.0, 0.0, 1.0],
                [-0.0, 0.0, 1.0, -0.002004, 1.0, -0.0, 0.0, -0.726144, 0.0, 1.0, -0.0, 0.288249, 0.0, 0.0, 0.0, 1.0],
                [-0.0, 0.0, 1.0, -0.004062, 1.0, -0.0, 0.0, -0.790265, 0.0, 1.0, -0.0, 0.266344, 0.0, 0.0, 0.0, 1.0],
                [-0.0, 0.0, 1.0, -0.006472, 1.0, -0.0, 0.0, -0.857768, 0.0, 1.0, -0.0, 0.244439, 0.0, 0.0, 0.0, 1.0],
                [-0.0, 0.0, 1.0, -0.007949, 1.0, -0.0, 0.0, -0.900817, 0.0, 1.0, -0.0, 0.231759, 0.0, 0.0, 0.0, 1.0],
                [-0.0, 0.0, 1.0, -0.009114, 1.0, -0.0, 0.0, -0.926056, 0.0, 1.0, -0.0, 0.219078, 0.0, 0.0, 0.0, 1.0],
                [-0.0, 0.0, 1.0, -0.009913, 1.0, -0.0, 0.0, -0.938933, 0.0, 1.0, -0.0, 0.206398, 0.0, 0.0, 0.0, 1.0],
                [-0.0, 0.0, 1.0, -0.010635, 1.0, -0.0, 0.0, -0.947488, 0.0, 1.0, -0.0, 0.193717, 0.0, 0.0, 0.0, 1.0],
                [-0.0, 0.0, 1.0, -0.011372, 1.0, -0.0, 0.0, -0.953377, 0.0, 1.0, -0.0, 0.188779, 0.0, 0.0, 0.0, 1.0],
                [-0.0, 0.0, 1.0, -0.012103, 1.0, -0.0, 0.0, -0.956161, 0.0, 1.0, -0.0, 0.183841, 0.0, 0.0, 0.0, 1.0],
                [-0.0, 0.0, 1.0, -0.012831, 1.0, -0.0, 0.0, -0.95629, 0.0, 1.0, -0.0, 0.178903, 0.0, 0.0, 0.0, 1.0],
                [-0.0, 0.0, 1.0, -0.01356, 1.0, -0.0, 0.0, -0.95026, 0.0, 1.0, -0.0, 0.173965, 0.0, 0.0, 0.0, 1.0],
                [-0.0, 0.0, 1.0, -0.014291, 1.0, -0.0, 0.0, -0.937571, 0.0, 1.0, -0.0, 0.177689, 0.0, 0.0, 0.0, 1.0],
                [-0.0, 0.0, 1.0, -0.014782, 1.0, -0.0, 0.0, -0.92083, 0.0, 1.0, -0.0, 0.181413, 0.0, 0.0, 0.0, 1.0],
                [-0.0, 0.0, 1.0, -0.014968, 1.0, -0.0, 0.0, -0.900428, 0.0, 1.0, -0.0, 0.185137, 0.0, 0.0, 0.0, 1.0],
                [-0.0, 0.0, 1.0, -0.014913, 1.0, -0.0, 0.0, -0.865701, 0.0, 1.0, -0.0, 0.188861, 0.0, 0.0, 0.0, 1.0],
                [-0.0, 0.0, 1.0, -0.013246, 1.0, -0.0, 0.0, -0.801887, 0.0, 1.0, -0.0, 0.192585, 0.0, 0.0, 0.0, 1.0],
                [-0.0, 0.0, 1.0, -0.009125, 1.0, -0.0, 0.0, -0.7134, 0.0, 1.0, -0.0, 0.196309, 0.0, 0.0, 0.0, 1.0],
                [-0.0, 0.0, 1.0, -0.004007, 1.0, -0.0, 0.0, -0.578852, 0.0, 1.0, -0.0, 0.187357, 0.0, 0.0, 0.0, 1.0],
                [-0.0, 0.0, 1.0, 0.000132, 1.0, -0.0, 0.0, -0.328712, 0.0, 1.0, -0.0, 0.178404, 0.0, 0.0, 0.0, 1.0],
                [-0.0, 0.0, 1.0, 0.002878, 1.0, -0.0, 0.0, -0.01647, 0.0, 1.0, -0.0, 0.169452, 0.0, 0.0, 0.0, 1.0],
                [-0.0, 0.0, 1.0, 0.004261, 1.0, -0.0, 0.0, 0.2989, 0.0, 1.0, -0.0, 0.198961, 0.0, 0.0, 0.0, 1.0],
                [-0.0, 0.0, 1.0, 0.005795, 1.0, -0.0, 0.0, 0.611053, 0.0, 1.0, -0.0, 0.22847, 0.0, 0.0, 0.0, 1.0],
                [-0.0, 0.0, 1.0, 0.006901, 1.0, -0.0, 0.0, 0.919829, 0.0, 1.0, -0.0, 0.257979, 0.0, 0.0, 0.0, 1.0],
                [-0.0, 0.0, 1.0, 0.006585, 1.0, -0.0, 0.0, 1.204408, 0.0, 1.0, -0.0, 0.254902, 0.0, 0.0, 0.0, 1.0],
                [-0.0, 0.0, 1.0, 0.005574, 1.0, -0.0, 0.0, 1.426919, 0.0, 1.0, -0.0, 0.251825, 0.0, 0.0, 0.0, 1.0],
                [-0.0, 0.0, 1.0, 0.006797, 1.0, -0.0, 0.0, 1.648644, 0.0, 1.0, -0.0, 0.248748, 0.0, 0.0, 0.0, 1.0],
                [-0.0, 0.0, 1.0, 0.010423, 1.0, -0.0, 0.0, 1.888931, 0.0, 1.0, -0.0, 0.245671, 0.0, 0.0, 0.0, 1.0],
                [-0.0, 0.0, 1.0, 0.015288, 1.0, -0.0, 0.0, 2.226347, 0.0, 1.0, -0.0, 0.242594, 0.0, 0.0, 0.0, 1.0],
                [-0.0, 0.0, 1.0, 0.0223, 1.0, -0.0, 0.0, 2.744666, 0.0, 1.0, -0.0, 0.239517, 0.0, 0.0, 0.0, 1.0],
                [-0.0, 0.0, 1.0, 0.0256, 1.0, -0.0, 0.0, 3.110038, 0.0, 1.0, -0.0, 0.207607, 0.0, 0.0, 0.0, 1.0],
                [-0.0, 0.0, 1.0, 0.025089, 1.0, -0.0, 0.0, 3.20504, 0.0, 1.0, -0.0, 0.175697, 0.0, 0.0, 0.0, 1.0],
                [-0.0, 0.0, 1.0, 0.025993, 1.0, -0.0, 0.0, 3.256171, 0.0, 1.0, -0.0, 0.167556, 0.0, 0.0, 0.0, 1.0],
                [-0.0, 0.0, 1.0, 0.026522, 1.0, -0.0, 0.0, 3.275809, 0.0, 1.0, -0.0, 0.159414, 0.0, 0.0, 0.0, 1.0],
                [-0.0, 0.0, 1.0, 0.027442, 1.0, -0.0, 0.0, 3.290785, 0.0, 1.0, -0.0, 0.164953, 0.0, 0.0, 0.0, 1.0],
                [-0.0, 0.0, 1.0, 0.028701, 1.0, -0.0, 0.0, 3.305636, 0.0, 1.0, -0.0, 0.170492, 0.0, 0.0, 0.0, 1.0],
                [-0.0, 0.0, 1.0, 0.029818, 1.0, -0.0, 0.0, 3.317309, 0.0, 1.0, -0.0, 0.17603, 0.0, 0.0, 0.0, 1.0],
                [-0.0, 0.0, 1.0, 0.030872, 1.0, -0.0, 0.0, 3.326513, 0.0, 1.0, -0.0, 0.181569, 0.0, 0.0, 0.0, 1.0],
                [-0.0, 0.0, 1.0, 0.031811, 1.0, -0.0, 0.0, 3.330978, 0.0, 1.0, -0.0, 0.187107, 0.0, 0.0, 0.0, 1.0],
                [-0.0, 0.0, 1.0, 0.031942, 1.0, -0.0, 0.0, 3.326788, 0.0, 1.0, -0.0, 0.192646, 0.0, 0.0, 0.0, 1.0],
                [-0.0, 0.0, 1.0, 0.03064, 1.0, -0.0, 0.0, 3.309503, 0.0, 1.0, -0.0, 0.198184, 0.0, 0.0, 0.0, 1.0],
                [-0.0, 0.0, 1.0, 0.029116, 1.0, -0.0, 0.0, 3.256143, 0.0, 1.0, -0.0, 0.203723, 0.0, 0.0, 0.0, 1.0],
                [-0.0, 0.0, 1.0, 0.028474, 1.0, -0.0, 0.0, 3.148864, 0.0, 1.0, -0.0, 0.209261, 0.0, 0.0, 0.0, 1.0],
                [-0.0, 0.0, 1.0, 0.028902, 1.0, -0.0, 0.0, 2.965048, 0.0, 1.0, -0.0, 0.210397, 0.0, 0.0, 0.0, 1.0],
                [-0.0, 0.0, 1.0, 0.029833, 1.0, -0.0, 0.0, 2.835608, 0.0, 1.0, -0.0, 0.211532, 0.0, 0.0, 0.0, 1.0],
                [-0.0, 0.0, 1.0, 0.030904, 1.0, -0.0, 0.0, 2.789776, 0.0, 1.0, -0.0, 0.212667, 0.0, 0.0, 0.0, 1.0],
                [-0.0, 0.0, 1.0, 0.031669, 1.0, -0.0, 0.0, 2.783916, 0.0, 1.0, -0.0, 0.213803, 0.0, 0.0, 0.0, 1.0],
                [-0.0, 0.0, 1.0, 0.032293, 1.0, -0.0, 0.0, 2.802216, 0.0, 1.0, -0.0, 0.214938, 0.0, 0.0, 0.0, 1.0],
                [-0.0, 0.0, 1.0, 0.033104, 1.0, -0.0, 0.0, 2.841383, 0.0, 1.0, -0.0, 0.206606, 0.0, 0.0, 0.0, 1.0],
                [-0.0, 0.0, 1.0, 0.033803, 1.0, -0.0, 0.0, 2.888761, 0.0, 1.0, -0.0, 0.198274, 0.0, 0.0, 0.0, 1.0],
                [-0.0, 0.0, 1.0, 0.033999, 1.0, -0.0, 0.0, 2.934374, 0.0, 1.0, -0.0, 0.189942, 0.0, 0.0, 0.0, 1.0],
                [-0.0, 0.0, 1.0, 0.034029, 1.0, -0.0, 0.0, 2.968623, 0.0, 1.0, -0.0, 0.181611, 0.0, 0.0, 0.0, 1.0],
                [-0.0, 0.0, 1.0, 0.033929, 1.0, -0.0, 0.0, 2.99274, 0.0, 1.0, -0.0, 0.173279, 0.0, 0.0, 0.0, 1.0],
                [-0.0, 0.0, 1.0, 0.033705, 1.0, -0.0, 0.0, 3.010725, 0.0, 1.0, -0.0, 0.164947, 0.0, 0.0, 0.0, 1.0],
                [-0.0, 0.0, 1.0, 0.033567, 1.0, -0.0, 0.0, 3.023058, 0.0, 1.0, -0.0, 0.156615, 0.0, 0.0, 0.0, 1.0],
                [-0.0, 0.0, 1.0, 0.033553, 1.0, -0.0, 0.0, 3.03093, 0.0, 1.0, -0.0, 0.153326, 0.0, 0.0, 0.0, 1.0],
                [-0.0, 0.0, 1.0, 0.033634, 1.0, -0.0, 0.0, 3.030828, 0.0, 1.0, -0.0, 0.150037, 0.0, 0.0, 0.0, 1.0],
                [-0.0, 0.0, 1.0, 0.033968, 1.0, -0.0, 0.0, 3.028599, 0.0, 1.0, -0.0, 0.146748, 0.0, 0.0, 0.0, 1.0],
                [-0.0, 0.0, 1.0, 0.034447, 1.0, -0.0, 0.0, 3.026816, 0.0, 1.0, -0.0, 0.143459, 0.0, 0.0, 0.0, 1.0],
                [-0.0, 0.0, 1.0, 0.035065, 1.0, -0.0, 0.0, 3.023646, 0.0, 1.0, -0.0, 0.14017, 0.0, 0.0, 0.0, 1.0],
                [-0.0, 0.0, 1.0, 0.035777, 1.0, -0.0, 0.0, 3.020014, 0.0, 1.0, -0.0, 0.136881, 0.0, 0.0, 0.0, 1.0],
                [-0.0, 0.0, 1.0, 0.036579, 1.0, -0.0, 0.0, 3.014939, 0.0, 1.0, -0.0, 0.139067, 0.0, 0.0, 0.0, 1.0],
                [-0.0, 0.0, 1.0, 0.037442, 1.0, -0.0, 0.0, 3.011168, 0.0, 1.0, -0.0, 0.141253, 0.0, 0.0, 0.0, 1.0],
                [-0.0, 0.0, 1.0, 0.038263, 1.0, -0.0, 0.0, 3.012755, 0.0, 1.0, -0.0, 0.14344, 0.0, 0.0, 0.0, 1.0],
                [-0.0, 0.0, 1.0, 0.039032, 1.0, -0.0, 0.0, 3.014341, 0.0, 1.0, -0.0, 0.145626, 0.0, 0.0, 0.0, 1.0],
                [-0.0, 0.0, 1.0, 0.039711, 1.0, -0.0, 0.0, 3.015927, 0.0, 1.0, -0.0, 0.147812, 0.0, 0.0, 0.0, 1.0],
                [-0.0, 0.0, 1.0, 0.040293, 1.0, -0.0, 0.0, 3.017513, 0.0, 1.0, -0.0, 0.149998, 0.0, 0.0, 0.0, 1.0],
                [-0.0, 0.0, 1.0, 0.040774, 1.0, -0.0, 0.0, 3.019099, 0.0, 1.0, -0.0, 0.152185, 0.0, 0.0, 0.0, 1.0],
                [-0.0, 0.0, 1.0, 0.04113, 1.0, -0.0, 0.0, 3.027428, 0.0, 1.0, -0.0, 0.18371, 0.0, 0.0, 0.0, 1.0],
                [-0.0, 0.0, 1.0, 0.041362, 1.0, -0.0, 0.0, 3.038886, 0.0, 1.0, -0.0, 0.215236, 0.0, 0.0, 0.0, 1.0],
                [-0.0, 0.0, 1.0, 0.041327, 1.0, -0.0, 0.0, 3.054265, 0.0, 1.0, -0.0, 0.246761, 0.0, 0.0, 0.0, 1.0],
                [-0.0, 0.0, 1.0, 0.040694, 1.0, -0.0, 0.0, 3.070798, 0.0, 1.0, -0.0, 0.278287, 0.0, 0.0, 0.0, 1.0],
                [-0.0, 0.0, 1.0, 0.039426, 1.0, -0.0, 0.0, 3.084714, 0.0, 1.0, -0.0, 0.309812, 0.0, 0.0, 0.0, 1.0],
                [-0.0, 0.0, 1.0, 0.037556, 1.0, -0.0, 0.0, 3.098643, 0.0, 1.0, -0.0, 0.341337, 0.0, 0.0, 0.0, 1.0],
                [-0.0, 0.0, 1.0, 0.035541, 1.0, -0.0, 0.0, 3.112107, 0.0, 1.0, -0.0, 0.360186, 0.0, 0.0, 0.0, 1.0],
                [-0.0, 0.0, 1.0, 0.034044, 1.0, -0.0, 0.0, 3.124793, 0.0, 1.0, -0.0, 0.379035, 0.0, 0.0, 0.0, 1.0],
                [-0.0, 0.0, 1.0, 0.033018, 1.0, -0.0, 0.0, 3.13639, 0.0, 1.0, -0.0, 0.397884, 0.0, 0.0, 0.0, 1.0],
                [-0.0, 0.0, 1.0, 0.032318, 1.0, -0.0, 0.0, 3.146456, 0.0, 1.0, -0.0, 0.416733, 0.0, 0.0, 0.0, 1.0],
                [-0.0, 0.0, 1.0, 0.032027, 1.0, -0.0, 0.0, 3.154799, 0.0, 1.0, -0.0, 0.435582, 0.0, 0.0, 0.0, 1.0],
                [-0.0, 0.0, 1.0, 0.031929, 1.0, -0.0, 0.0, 3.159402, 0.0, 1.0, -0.0, 0.449995, 0.0, 0.0, 0.0, 1.0],
                [-0.0, 0.0, 1.0, 0.031787, 1.0, -0.0, 0.0, 3.157423, 0.0, 1.0, -0.0, 0.464407, 0.0, 0.0, 0.0, 1.0],
                [-0.0, 0.0, 1.0, 0.031352, 1.0, -0.0, 0.0, 3.155445, 0.0, 1.0, -0.0, 0.478819, 0.0, 0.0, 0.0, 1.0],
                [-0.0, 0.0, 1.0, 0.030498, 1.0, -0.0, 0.0, 3.153465, 0.0, 1.0, -0.0, 0.493231, 0.0, 0.0, 0.0, 1.0],
                [-0.0, 0.0, 1.0, 0.029159, 1.0, -0.0, 0.0, 3.149338, 0.0, 1.0, -0.0, 0.507643, 0.0, 0.0, 0.0, 1.0],
                [-0.0, 0.0, 1.0, 0.02659, 1.0, -0.0, 0.0, 3.142607, 0.0, 1.0, -0.0, 0.522056, 0.0, 0.0, 0.0, 1.0],
                [-0.0, 0.0, 1.0, 0.023376, 1.0, -0.0, 0.0, 3.131898, 0.0, 1.0, -0.0, 0.502637, 0.0, 0.0, 0.0, 1.0],
                [-0.0, 0.0, 1.0, 0.020643, 1.0, -0.0, 0.0, 3.12245, 0.0, 1.0, -0.0, 0.483219, 0.0, 0.0, 0.0, 1.0],
                [-0.0, 0.0, 1.0, 0.018363, 1.0, -0.0, 0.0, 3.115293, 0.0, 1.0, -0.0, 0.463801, 0.0, 0.0, 0.0, 1.0],
                [-0.0, 0.0, 1.0, 0.016548, 1.0, -0.0, 0.0, 3.110752, 0.0, 1.0, -0.0, 0.444383, 0.0, 0.0, 0.0, 1.0],
                [-0.0, 0.0, 1.0, 0.015149, 1.0, -0.0, 0.0, 3.112285, 0.0, 1.0, -0.0, 0.424965, 0.0, 0.0, 0.0, 1.0],
                [-0.0, 0.0, 1.0, 0.014257, 1.0, -0.0, 0.0, 3.11584, 0.0, 1.0, -0.0, 0.430766, 0.0, 0.0, 0.0, 1.0],
                [-0.0, 0.0, 1.0, 0.01401, 1.0, -0.0, 0.0, 3.121443, 0.0, 1.0, -0.0, 0.436567, 0.0, 0.0, 0.0, 1.0],
                [-0.0, 0.0, 1.0, 0.014216, 1.0, -0.0, 0.0, 3.129092, 0.0, 1.0, -0.0, 0.442369, 0.0, 0.0, 0.0, 1.0],
                [-0.0, 0.0, 1.0, 0.01484, 1.0, -0.0, 0.0, 3.142617, 0.0, 1.0, -0.0, 0.44817, 0.0, 0.0, 0.0, 1.0],
                [-0.0, 0.0, 1.0, 0.015587, 1.0, -0.0, 0.0, 3.158336, 0.0, 1.0, -0.0, 0.453972, 0.0, 0.0, 0.0, 1.0],
                [-0.0, 0.0, 1.0, 0.016502, 1.0, -0.0, 0.0, 3.174399, 0.0, 1.0, -0.0, 0.459773, 0.0, 0.0, 0.0, 1.0],
                [-0.0, 0.0, 1.0, 0.01757, 1.0, -0.0, 0.0, 3.189331, 0.0, 1.0, -0.0, 0.465574, 0.0, 0.0, 0.0, 1.0],
                [-0.0, 0.0, 1.0, 0.019047, 1.0, -0.0, 0.0, 3.205717, 0.0, 1.0, -0.0, 0.465037, 0.0, 0.0, 0.0, 1.0],
                [-0.0, 0.0, 1.0, 0.020415, 1.0, -0.0, 0.0, 3.218299, 0.0, 1.0, -0.0, 0.4645, 0.0, 0.0, 0.0, 1.0],
                [-0.0, 0.0, 1.0, 0.021414, 1.0, -0.0, 0.0, 3.225478, 0.0, 1.0, -0.0, 0.463963, 0.0, 0.0, 0.0, 1.0],
                [-0.0, 0.0, 1.0, 0.022251, 1.0, -0.0, 0.0, 3.228127, 0.0, 1.0, -0.0, 0.463426, 0.0, 0.0, 0.0, 1.0],
                [-0.0, 0.0, 1.0, 0.022831, 1.0, -0.0, 0.0, 3.229456, 0.0, 1.0, -0.0, 0.462889, 0.0, 0.0, 0.0, 1.0],
                [-0.0, 0.0, 1.0, 0.022921, 1.0, -0.0, 0.0, 3.230785, 0.0, 1.0, -0.0, 0.462352, 0.0, 0.0, 0.0, 1.0],
                [-0.0, 0.0, 1.0, 0.022931, 1.0, -0.0, 0.0, 3.232115, 0.0, 1.0, -0.0, 0.461815, 0.0, 0.0, 0.0, 1.0],
                [-0.0, 0.0, 1.0, 0.022791, 1.0, -0.0, 0.0, 3.233444, 0.0, 1.0, -0.0, 0.461278, 0.0, 0.0, 0.0, 1.0],
                [-0.0, 0.0, 1.0, 0.022415, 1.0, -0.0, 0.0, 3.23403, 0.0, 1.0, -0.0, 0.460741, 0.0, 0.0, 0.0, 1.0],
                [-0.0, 0.0, 1.0, 0.022274, 1.0, -0.0, 0.0, 3.234367, 0.0, 1.0, -0.0, 0.460204, 0.0, 0.0, 0.0, 1.0],
                [-0.0, 0.0, 1.0, 0.022274, 1.0, -0.0, 0.0, 3.234704, 0.0, 1.0, -0.0, 0.459667, 0.0, 0.0, 0.0, 1.0],
                [-0.0, 0.0, 1.0, 0.022274, 1.0, -0.0, 0.0, 3.235041, 0.0, 1.0, -0.0, 0.45913, 0.0, 0.0, 0.0, 1.0]
            ]
        },
        {
            "name": "Thigh_R",
            "time": [0.0, 0.01, 0.02, 0.03, 0.04, 0.05, 0.06, 0.07, 0.08, 0.09, 0.1, 0.11, 0.12, 0.13, 0.14, 0.15, 0.16, 0.17, 0.18, 0.19, 0.2, 0.21, 0.22, 0.23, 0.24, 0.25, 0.26, 0.27, 0.28, 0.29, 0.3, 0.31, 0.32, 0.33, 0.34, 0.35, 0.36, 0.37, 0.38, 0.39, 0.4, 0.41, 0.42, 0.43, 0.44, 0.45, 0.46, 0.47, 0.48, 0.49, 0.5, 0.51, 0.52, 0.53, 0.54, 0.55, 0.56, 0.57, 0.58, 0.59, 0.6, 0.61, 0.62, 0.63, 0.64, 0.65, 0.66, 0.67, 0.68, 0.69, 0.7, 0.71, 0.72, 0.73, 0.74, 0.75, 0.76, 0.77, 0.78, 0.79, 0.8, 0.81, 0.82, 0.83, 0.84, 0.85, 0.86, 0.87, 0.88, 0.89, 0.9, 0.91, 0.92, 0.93, 0.94, 0.95, 0.96, 0.97, 0.98, 0.99, 1.0, 1.01, 1.02, 1.03, 1.04, 1.05, 1.06, 1.07, 1.08, 1.09, 1.1, 1.11, 1.12, 1.13, 1.14, 1.15, 1.16, 1.17, 1.18, 1.19, 1.2],
            "transform": [
                [0.249555, 0.759608, 0.600599, 0.103154, 0.431988, -0.642415, 0.633, 0.088624, 0.866665, 0.101484, -0.488459, 0.099633, 0.0, 0.0, 0.0, 1.0],
                [0.306748, 0.785452, 0.53756, 0.065025, 0.475518, -0.615719, 0.628309, 0.090171, 0.824493, 0.062887, -0.562367, 0.108551, 0.0, 0.0, 0.0, 1.0],
                [0.396979, 0.755691, 0.520901, 0.026896, 0.543513, -0.65088, 0.530045, 0.091718, 0.739595, 0.0727, -0.669114, 0.117468, 0.0, 0.0, 0.0, 1.0],
                [0.235861, 0.733609, 0.637328, -0.011232, 0.411976, -0.669464, 0.618137, 0.093265, 0.88014, 0.11677, -0.460129, 0.126386, 0.0, 0.0, 0.0, 1.0],
                [0.11545, 0.821821, 0.557926, -0.049361, 0.246269, -0.567826, 0.785446, 0.094812, 0.962301, 0.04672, -0.267944, 0.135304, 0.0, 0.0, 0.0, 1.0],
                [0.081366, 0.831429, 0.54964, -0.08749, 0.153258, -0.555347, 0.817375, 0.096359, 0.984831, 0.017731, -0.17261, 0.144222, 0.0, 0.0, 0.0, 1.0],
                [0.031458, 0.700643, 0.712818, -0.073749, 0.074338, -0.712835, 0.69738, 0.087805, 0.996737, 0.031052, -0.07451, 0.140719, 0.0, 0.0, 0.0, 1.0],
                [-0.056971, 0.402521, 0.913636, -0.060008, 0.05932, -0.912141, 0.405561, 0.079251, 0.996612, 0.077303, 0.028088, 0.137215, 0.0, 0.0, 0.0, 1.0],
                [-0.191944, 0.033303, 0.980841, -0.046267, 0.158749, -0.985208, 0.064518, 0.070697, 0.968482, 0.168092, 0.183818, 0.133712, 0.0, 0.0, 0.0, 1.0],
                [-0.33552, -0.275564, 0.900828, -0.032526, 0.354285, -0.922967, -0.150381, 0.062143, 0.872874, 0.268694, 0.407302, 0.130208, 0.0, 0.0, 0.0, 1.0],
                [-0.466314, -0.452025, 0.760411, -0.059999, 0.561159, -0.815654, -0.140739, 0.083419, 0.68385, 0.361083, 0.634009, 0.106539, 0.0, 0.0, 0.0, 1.0],
                [-0.559886, -0.511082, 0.652167, -0.087472, 0.688249, -0.725122, 0.022609, 0.104694, 0.461346, 0.461512, 0.757738, 0.08287, 0.0, 0.0, 0.0, 1.0],
                [-0.626696, -0.49703, 0.600178, -0.114945, 0.719738, -0.664419, 0.201308, 0.12597, 0.298714, 0.558129, 0.77412, 0.059202, 0.0, 0.0, 0.0, 1.0],
                [-0.658265, -0.466211, 0.591046, -0.127348, 0.730892, -0.583796, 0.353523, 0.107934, 0.180233, 0.664703, 0.725042, 0.030291, 0.0, 0.0, 0.0, 1.0],
                [-0.709816, -0.431224, 0.556962, -0.139751, 0.704386, -0.433155, 0.562332, 0.089898, -0.00124, 0.791468, 0.611209, 0.00138, 0.0, 0.0, 0.0, 1.0],
                [-0.765078, -0.383059, 0.517611, -0.152154, 0.62367, -0.240719, 0.7437, 0.071862, -0.160282, 0.891807, 0.423071, -0.02753, 0.0, 0.0, 0.0, 1.0],
                [-0.79096, -0.323808, 0.519163, -0.139574, 0.576314, -0.109247, 0.809893, 0.066227, -0.205533, 0.939794, 0.273025, -0.047972, 0.0, 0.0, 0.0, 1.0],
                [-0.832135, -0.280031, 0.478679, -0.126995, 0.490341, 0.031697, 0.870954, 0.060592, -0.259068, 0.959467, 0.110934, -0.068414, 0.0, 0.0, 0.0, 1.0],
                [-0.86491, -0.280369, 0.416323, -0.114415, 0.393192, 0.137091, 0.909179, 0.054958, -0.31198, 0.950052, -0.008333, -0.088857, 0.0, 0.0, 0.0, 1.0],
                [-0.87834, -0.294918, 0.37622, -0.110189, 0.329655, 0.196261, 0.923477, 0.054073, -0.346188, 0.935149, -0.075163, -0.097964, 0.0, 0.0, 0.0, 1.0],
                [-0.882238, -0.310188, 0.354174, -0.105963, 0.289906, 0.234817, 0.927801, 0.053189, -0.370959, 0.921219, -0.117239, -0.107071, 0.0, 0.0, 0.0, 1.0],
                [-0.884866, -0.313896, 0.344213, -0.101737, 0.268278, 0.260697, 0.927396, 0.052304, -0.380841, 0.912966, -0.146471, -0.116178, 0.0, 0.0, 0.0, 1.0],
                [-0.884168, -0.318208, 0.34204, -0.097511, 0.25827, 0.27715, 0.925464, 0.05142, -0.389286, 0.906604, -0.162864, -0.125285, 0.0, 0.0, 0.0, 1.0],
                [-0.881112, -0.313049, 0.354461, -0.093285, 0.273546, 0.274035, 0.921996, 0.050535, -0.385765, 0.909344, -0.155822, -0.134393, 0.0, 0.0, 0.0, 1.0],
                [-0.875845, -0.297169, 0.380245, -0.089059, 0.31252, 0.251133, 0.916113, 0.049651, -0.367733, 0.921207, -0.127082, -0.1435, 0.0, 0.0, 0.0, 1.0],
                [-0.866544, -0.273181, 0.4177, -0.094425, 0.369828, 0.210545, 0.90493, 0.04798, -0.335154, 0.938639, -0.081417, -0.127605, 0.0, 0.0, 0.0, 1.0],
                [-0.84664, -0.266709, 0.460508, -0.099791, 0.43025, 0.166214, 0.887275, 0.046309, -0.313187, 0.949336, -0.025972, -0.11171, 0.0, 0.0, 0.0, 1.0],
                [-0.810508, -0.291121, 0.508258, -0.105157, 0.496859, 0.117791, 0.8598, 0.044638, -0.310174, 0.949407, 0.049175, -0.095815, 0.0, 0.0, 0.0, 1.0],
                [-0.728476, -0.366317, 0.578908, -0.110523, 0.61284, 0.029224, 0.789666, 0.042968, -0.306187, 0.930031, 0.203205, -0.07992, 0.0, 0.0, 0.0, 1.0],
                [-0.622835, -0.497106, 0.604121, -0.115889, 0.72622, -0.080137, 0.682775, 0.041297, -0.291, 0.863981, 0.41092, -0.064025, 0.0, 0.0, 0.0, 1.0],
                [-0.514783, -0.668617, 0.536609, -0.124347, 0.818136, -0.19606, 0.540568, 0.077071, -0.256226, 0.717295, 0.647948, -0.033343, 0.0, 0.0, 0.0, 1.0],
                [-0.42808, -0.790405, 0.438187, -0.132804, 0.891428, -0.289532, 0.348607, 0.112844, -0.148673, 0.539844, 0.828532, -0.002662, 0.0, 0.0, 0.0, 1.0],
                [-0.377243, -0.89357, 0.243351, -0.105772, 0.92542, -0.373884, 0.06171, 0.096742, 0.035843, 0.248482, 0.967973, 0.039136, 0.0, 0.0, 0.0, 1.0],
                [-0.330709, -0.923645, 0.19368, -0.07874, 0.909969, -0.366494, -0.194006, 0.08064, 0.250175, 0.112083, 0.961691, 0.080934, 0.0, 0.0, 0.0, 1.0],
                [-0.269585, -0.922629, 0.275826, -0.081659, 0.803318, -0.37342, -0.463937, 0.088328, 0.53104, 0.096506, 0.841834, 0.077882, 0.0, 0.0, 0.0, 1.0],
                [-0.244574, -0.811038, 0.531414, -0.084579, 0.673404, -0.5364, -0.508725, 0.096015, 0.697646, 0.233435, 0.677346, 0.074831, 0.0, 0.0, 0.0, 1.0],
                [-0.259769, -0.535137, 0.803833, -0.087498, 0.624, -0.728301, -0.283199, 0.103703, 0.736982, 0.428026, 0.523116, 0.071779, 0.0, 0.0, 0.0, 1.0],
                [-0.420479, 0.098299, 0.901961, -0.095256, 0.628179, -0.685765, 0.367584, 0.095254, 0.654666, 0.721155, 0.2266, 0.088634, 0.0, 0.0, 0.0, 1.0],
                [-0.516193, 0.783874, 0.345089, -0.103013, 0.234599, -0.258102, 0.937201, 0.086805, 0.823716, 0.564734, -0.050666, 0.10549, 0.0, 0.0, 0.0, 1.0],
                [-0.129571, 0.990029, 0.055252, -0.11077, 0.194773, -0.029224, 0.980413, 0.078357, 0.972253, 0.137794, -0.189045, 0.122345, 0.0, 0.0, 0.0, 1.0],
                [-0.011696, 0.971868, 0.235236, -0.080317, 0.432812, -0.207152, 0.87736, 0.086881, 0.901408, 0.112075, -0.418214, 0.14538, 0.0, 0.0, 0.0, 1.0],
                [-0.044852, 0.994313, 0.096594, -0.049864, 0.449053, -0.066305, 0.891041, 0.095406, 0.892378, 0.083341, -0.443526, 0.168414, 0.0, 0.0, 0.0, 1.0],
                [-0.039681, 0.95858, -0.282046, 0.031367, 0.559052, 0.255252, 0.788864, 0.05348, 0.828183, -0.126375, -0.546025, 0.089238, 0.0, 0.0, 0.0, 1.0],
                [0.272245, 0.907035, -0.3212, 0.112598, 0.896604, -0.117964, 0.426832, 0.011555, 0.349261, -0.404193, -0.845367, 0.010062, 0.0, 0.0, 0.0, 1.0],
                [0.413472, 0.831877, -0.370165, 0.115697, 0.900674, -0.31406, 0.300254, 0.006484, 0.13352, -0.457544, -0.879105, -0.003267, 0.0, 0.0, 0.0, 1.0],
                [0.429338, 0.808807, -0.401871, 0.118796, 0.893335, -0.314914, 0.320595, 0.001414, 0.132745, -0.496649, -0.85774, -0.016596, 0.0, 0.0, 0.0, 1.0],
                [0.440894, 0.797154, -0.412502, 0.121895, 0.885138, -0.309962, 0.347064, -0.003657, 0.148804, -0.51814, -0.842252, -0.029925, 0.0, 0.0, 0.0, 1.0],
                [0.444751, 0.803758, -0.395183, 0.124994, 0.874736, -0.294995, 0.384467, -0.008728, 0.192441, -0.516673, -0.834275, -0.043254, 0.0, 0.0, 0.0, 1.0],
                [0.426261, 0.832949, -0.352843, 0.123028, 0.86127, -0.254424, 0.439865, -0.000472, 0.276613, -0.491391, -0.825845, -0.02635, 0.0, 0.0, 0.0, 1.0],
                [0.373198, 0.869207, -0.324351, 0.121063, 0.831414, -0.158206, 0.532655, 0.007783, 0.411673, -0.468455, -0.781713, -0.009446, 0.0, 0.0, 0.0, 1.0],
                [0.311016, 0.902691, -0.297351, 0.119097, 0.775579, -0.060232, 0.628371, 0.016039, 0.549314, -0.426052, -0.718842, 0.007458, 0.0, 0.0, 0.0, 1.0],
                [0.249418, 0.932185, -0.262338, 0.117132, 0.708082, 0.009248, 0.706069, 0.024294, 0.660613, -0.361863, -0.657758, 0.024362, 0.0, 0.0, 0.0, 1.0],
                [0.19438, 0.956929, -0.215646, 0.115166, 0.64896, 0.039401, 0.759801, 0.03255, 0.735573, -0.287636, -0.61335, 0.041266, 0.0, 0.0, 0.0, 1.0],
                [0.176851, 0.968269, -0.176574, 0.125284, 0.623665, 0.028545, 0.78117, 0.061648, 0.761424, -0.248273, -0.598828, 0.028913, 0.0, 0.0, 0.0, 1.0],
                [0.232062, 0.966831, -0.106703, 0.1354, 0.682837, -0.083801, 0.725749, 0.090747, 0.692734, -0.241279, -0.679635, 0.016561, 0.0, 0.0, 0.0, 1.0],
                [0.295181, 0.955192, 0.021816, 0.145517, 0.786252, -0.25582, 0.562462, 0.119845, 0.54284, -0.148875, -0.826535, 0.004209, 0.0, 0.0, 0.0, 1.0],
                [0.273161, 0.950416, 0.148633, 0.140924, 0.783676, -0.309467, 0.538593, 0.12375, 0.557885, -0.030642, -0.829352, 0.010952, 0.0, 0.0, 0.0, 1.0],
                [0.227643, 0.945628, 0.232307, 0.136331, 0.754837, -0.322083, 0.571387, 0.127655, 0.615142, 0.045282, -0.787115, 0.017695, 0.0, 0.0, 0.0, 1.0],
                [0.200466, 0.950305, 0.238189, 0.134536, 0.728242, -0.307173, 0.612624, 0.114732, 0.655345, 0.050649, -0.75363, 0.024947, 0.0, 0.0, 0.0, 1.0],
                [0.197283, 0.967756, 0.156612, 0.132742, 0.709162, -0.251178, 0.658786, 0.101808, 0.676882, -0.018904, -0.735849, 0.032199, 0.0, 0.0, 0.0, 1.0],
                [0.191772, 0.980335, 0.046547, 0.130946, 0.681398, -0.167128, 0.712576, 0.088885, 0.706343, -0.104935, -0.700049, 0.039451, 0.0, 0.0, 0.0, 1.0],
                [0.183431, 0.98257, -0.030154, 0.129152, 0.654863, -0.099261, 0.7492, 0.075961, 0.733149, -0.157173, -0.661657, 0.046702, 0.0, 0.0, 0.0, 1.0],
                [0.167439, 0.982573, -0.080708, 0.127357, 0.632535, -0.044273, 0.773265, 0.063038, 0.756216, -0.180526, -0.628926, 0.053954, 0.0, 0.0, 0.0, 1.0],
                [0.153152, 0.982216, -0.108609, 0.125562, 0.619554, -0.009813, 0.784893, 0.050114, 0.769869, -0.187497, -0.610039, 0.061206, 0.0, 0.0, 0.0, 1.0],
                [0.138217, 0.981657, -0.131322, 0.123767, 0.61183, 0.019638, 0.790745, 0.037191, 0.77882, -0.189641, -0.597893, 0.068458, 0.0, 0.0, 0.0, 1.0],
                [0.12553, 0.98152, -0.144429, 0.123823, 0.609823, 0.038491, 0.791602, 0.038648, 0.782533, -0.187446, -0.593722, 0.065346, 0.0, 0.0, 0.0, 1.0],
                [0.119135, 0.980953, -0.153421, 0.123879, 0.612786, 0.048936, 0.788732, 0.040105, 0.781217, -0.18798, -0.595284, 0.062233, 0.0, 0.0, 0.0, 1.0],
                [0.118037, 0.980547, -0.156829, 0.123935, 0.620893, 0.050375, 0.782275, 0.041561, 0.774958, -0.189711, -0.602868, 0.059121, 0.0, 0.0, 0.0, 1.0],
                [0.124412, 0.979145, -0.16061, 0.12399, 0.633864, 0.046103, 0.772069, 0.043018, 0.763372, -0.19786, -0.61491, 0.056009, 0.0, 0.0, 0.0, 1.0],
                [0.134051, 0.976355, -0.169592, 0.124046, 0.642501, 0.044664, 0.764982, 0.044475, 0.754469, -0.21151, -0.621322, 0.052896, 0.0, 0.0, 0.0, 1.0],
                [0.140301, 0.974071, -0.177486, 0.124102, 0.646735, 0.045574, 0.761352, 0.045932, 0.7497, -0.221605, -0.623572, 0.049784, 0.0, 0.0, 0.0, 1.0],
                [0.144817, 0.971663, -0.186812, 0.124376, 0.649211, 0.049171, 0.759017, 0.044195, 0.746694, -0.231199, -0.623694, 0.048856, 0.0, 0.0, 0.0, 1.0],
                [0.150115, 0.968539, -0.19849, 0.124651, 0.64733, 0.055461, 0.760189, 0.042457, 0.747281, -0.242604, -0.618639, 0.047928, 0.0, 0.0, 0.0, 1.0],
                [0.158622, 0.965065, -0.208537, 0.124925, 0.644158, 0.058915, 0.76262, 0.04072, 0.748264, -0.255299, -0.61231, 0.046999, 0.0, 0.0, 0.0, 1.0],
                [0.168771, 0.962101, -0.214192, 0.125199, 0.640891, 0.057985, 0.765439, 0.038983, 0.74885, -0.266458, -0.606815, 0.046071, 0.0, 0.0, 0.0, 1.0],
                [0.179859, 0.959044, -0.218826, 0.125473, 0.636637, 0.056096, 0.76912, 0.037245, 0.749896, -0.277646, -0.600474, 0.045143, 0.0, 0.0, 0.0, 1.0],
                [0.190394, 0.956188, -0.222382, 0.125747, 0.629092, 0.055068, 0.775378, 0.035508, 0.753653, -0.287527, -0.591046, 0.044215, 0.0, 0.0, 0.0, 1.0],
                [0.199178, 0.954243, -0.223043, 0.126022, 0.618643, 0.054077, 0.783808, 0.033771, 0.760006, -0.294101, -0.579565, 0.043286, 0.0, 0.0, 0.0, 1.0],
                [0.2103, 0.95278, -0.219055, 0.126296, 0.603941, 0.049588, 0.795485, 0.032034, 0.768784, -0.299587, -0.564995, 0.042358, 0.0, 0.0, 0.0, 1.0],
                [0.224479, 0.952335, -0.206559, 0.12657, 0.586305, 0.03732, 0.80923, 0.030296, 0.778367, -0.302762, -0.549981, 0.04143, 0.0, 0.0, 0.0, 1.0],
                [0.243652, 0.952726, -0.18151, 0.126064, 0.567318, 0.011788, 0.823415, 0.030899, 0.786628, -0.303601, -0.537627, 0.048988, 0.0, 0.0, 0.0, 1.0],
                [0.266984, 0.95283, -0.144339, 0.125559, 0.548537, -0.027107, 0.835687, 0.031502, 0.792355, -0.30229, -0.5299, 0.056546, 0.0, 0.0, 0.0, 1.0],
                [0.292507, 0.952359, -0.086326, 0.125053, 0.524494, -0.084296, 0.847231, 0.032104, 0.799591, -0.293099, -0.524164, 0.064104, 0.0, 0.0, 0.0, 1.0],
                [0.304476, 0.952434, -0.012767, 0.124547, 0.502373, -0.149182, 0.851684, 0.032707, 0.809269, -0.265731, -0.5239, 0.071662, 0.0, 0.0, 0.0, 1.0],
                [0.307143, 0.95001, 0.05608, 0.124041, 0.491651, -0.208856, 0.845374, 0.03331, 0.814827, -0.232079, -0.531222, 0.07922, 0.0, 0.0, 0.0, 1.0],
                [0.3166, 0.939539, 0.130505, 0.123536, 0.489876, -0.279765, 0.825683, 0.033913, 0.812272, -0.19748, -0.548831, 0.086778, 0.0, 0.0, 0.0, 1.0],
                [0.33703, 0.919993, 0.200063, 0.12303, 0.490759, -0.35301, 0.79658, 0.034515, 0.803472, -0.170288, -0.57047, 0.094336, 0.0, 0.0, 0.0, 1.0],
                [0.361108, 0.89454, 0.263437, 0.117167, 0.487431, -0.421898, 0.764469, 0.035561, 0.794992, -0.147649, -0.588378, 0.095402, 0.0, 0.0, 0.0, 1.0],
                [0.391583, 0.86312, 0.318885, 0.111305, 0.481714, -0.487571, 0.728166, 0.036606, 0.783974, -0.131526, -0.606701, 0.096468, 0.0, 0.0, 0.0, 1.0],
                [0.427667, 0.827161, 0.364561, 0.105442, 0.470783, -0.548106, 0.691335, 0.037652, 0.771664, -0.124032, -0.62382, 0.097534, 0.0, 0.0, 0.0, 1.0],
                [0.452298, 0.793305, 0.407548, 0.09958, 0.454525, -0.598196, 0.659975, 0.038697, 0.767355, -0.113265, -0.63114, 0.098599, 0.0, 0.0, 0.0, 1.0],
                [0.459097, 0.765207, 0.451318, 0.093717, 0.43425, -0.636487, 0.637426, 0.039742, 0.775021, -0.096655, -0.6245, 0.099665, 0.0, 0.0, 0.0, 1.0],
                [0.454102, 0.742226, 0.492842, 0.087855, 0.413872, -0.66559, 0.621047, 0.040788, 0.788988, -0.078045, -0.609432, 0.100731, 0.0, 0.0, 0.0, 1.0],
                [0.454143, 0.722633, 0.521109, 0.081992, 0.401744, -0.688165, 0.604177, 0.041833, 0.795208, -0.06503, -0.60284, 0.101797, 0.0, 0.0, 0.0, 1.0],
                [0.448188, 0.711415, 0.54131, 0.076129, 0.396877, -0.700936, 0.592602, 0.042879, 0.80101, -0.050764, -0.596495, 0.102862, 0.0, 0.0, 0.0, 1.0],
                [0.438462, 0.706612, 0.555383, 0.070267, 0.397435, -0.706688, 0.585352, 0.043924, 0.8061, -0.035926, -0.590689, 0.103928, 0.0, 0.0, 0.0, 1.0],
                [0.420233, 0.710945, 0.56388, 0.068306, 0.409746, -0.703124, 0.581141, 0.051937, 0.809637, -0.013167, -0.586783, 0.108998, 0.0, 0.0, 0.0, 1.0],
                [0.393904, 0.726269, 0.563358, 0.066346, 0.428964, -0.687326, 0.586151, 0.059949, 0.812914, 0.010774, -0.582284, 0.114068, 0.0, 0.0, 0.0, 1.0],
                [0.363959, 0.747828, 0.555236, 0.064385, 0.435815, -0.66357, 0.608062, 0.067961, 0.823164, 0.02067, -0.567427, 0.119138, 0.0, 0.0, 0.0, 1.0],
                [0.328763, 0.768147, 0.549423, 0.062425, 0.431755, -0.639655, 0.635947, 0.075974, 0.839942, 0.02814, -0.541946, 0.124207, 0.0, 0.0, 0.0, 1.0],
                [0.300504, 0.786621, 0.539375, 0.060465, 0.425647, -0.616678, 0.662217, 0.083986, 0.853535, 0.030585, -0.520137, 0.129277, 0.0, 0.0, 0.0, 1.0],
                [0.276238, 0.808263, 0.520004, 0.062599, 0.417252, -0.588264, 0.692709, 0.084218, 0.865791, 0.025621, -0.49975, 0.127795, 0.0, 0.0, 0.0, 1.0],
                [0.249434, 0.825327, 0.506575, 0.064733, 0.40906, -0.563947, 0.71738, 0.08445, 0.877755, 0.02828, -0.478276, 0.126313, 0.0, 0.0, 0.0, 1.0],
                [0.215328, 0.831137, 0.512685, 0.066868, 0.39739, -0.554143, 0.731442, 0.084682, 0.892029, 0.046236, -0.449608, 0.12483, 0.0, 0.0, 0.0, 1.0],
                [0.2098, 0.822342, 0.528903, 0.069003, 0.400632, -0.565748, 0.72071, 0.084913, 0.891896, 0.060691, -0.448151, 0.123348, 0.0, 0.0, 0.0, 1.0],
                [0.210421, 0.803853, 0.556366, 0.071137, 0.411813, -0.589035, 0.695304, 0.085145, 0.886642, 0.082812, -0.454982, 0.121866, 0.0, 0.0, 0.0, 1.0],
                [0.221473, 0.77924, 0.58629, 0.079004, 0.432069, -0.617398, 0.65737, 0.084968, 0.874223, 0.107728, -0.473423, 0.120384, 0.0, 0.0, 0.0, 1.0],
                [0.248258, 0.75256, 0.609936, 0.086872, 0.456937, -0.646172, 0.611286, 0.08479, 0.854153, 0.126946, -0.50429, 0.118901, 0.0, 0.0, 0.0, 1.0],
                [0.260823, 0.730345, 0.631322, 0.094739, 0.468281, -0.667584, 0.57883, 0.084613, 0.844206, 0.144664, -0.516128, 0.117419, 0.0, 0.0, 0.0, 1.0],
                [0.255385, 0.718458, 0.64699, 0.102606, 0.466258, -0.677744, 0.568565, 0.084435, 0.846984, 0.156462, -0.508072, 0.115937, 0.0, 0.0, 0.0, 1.0],
                [0.256346, 0.719292, 0.645682, 0.102657, 0.462337, -0.677876, 0.571602, 0.084816, 0.848841, 0.151995, -0.506326, 0.114455, 0.0, 0.0, 0.0, 1.0],
                [0.24937, 0.726282, 0.640569, 0.102706, 0.450414, -0.672551, 0.587199, 0.085197, 0.857288, 0.142092, -0.494842, 0.112973, 0.0, 0.0, 0.0, 1.0],
                [0.240071, 0.73343, 0.635961, 0.102756, 0.436397, -0.666729, 0.604176, 0.085577, 0.867135, 0.132487, -0.480129, 0.11149, 0.0, 0.0, 0.0, 1.0],
                [0.22535, 0.746778, 0.625731, 0.102806, 0.42495, -0.653279, 0.626613, 0.085958, 0.876718, 0.124697, -0.46456, 0.110008, 0.0, 0.0, 0.0, 1.0],
                [0.228548, 0.753912, 0.61594, 0.102856, 0.423045, -0.646738, 0.634635, 0.086339, 0.876812, 0.115526, -0.46675, 0.108526, 0.0, 0.0, 0.0, 1.0],
                [0.239216, 0.756462, 0.608721, 0.102905, 0.424187, -0.645352, 0.635285, 0.08672, 0.873408, 0.106242, -0.47526, 0.107044, 0.0, 0.0, 0.0, 1.0],
                [0.247262, 0.756391, 0.605587, 0.102955, 0.425085, -0.646317, 0.633701, 0.087101, 0.870727, 0.100736, -0.481339, 0.105561, 0.0, 0.0, 0.0, 1.0],
                [0.244221, 0.755929, 0.607394, 0.103005, 0.424637, -0.646479, 0.633835, 0.087481, 0.871803, 0.103127, -0.478879, 0.104079, 0.0, 0.0, 0.0, 1.0],
                [0.24164, 0.754507, 0.610188, 0.103055, 0.424054, -0.647707, 0.632972, 0.087862, 0.872805, 0.105802, -0.476464, 0.102597, 0.0, 0.0, 0.0, 1.0],
                [0.241317, 0.754455, 0.61038, 0.103105, 0.424052, -0.647721, 0.632959, 0.088243, 0.872895, 0.10609, -0.476234, 0.101115, 0.0, 0.0, 0.0, 1.0],
                [0.240993, 0.754402, 0.610573, 0.103154, 0.42405, -0.647735, 0.632946, 0.088624, 0.872986, 0.106378, -0.476004, 0.099633, 0.0, 0.0, 0.0, 1.0]
            ]
        },
        {
            "name": "Leg_R",
            "time": [0.0, 0.01, 0.02, 0.03, 0.04, 0.05, 0.06, 0.07, 0.08, 0.09, 0.1, 0.11, 0.12, 0.13, 0.14, 0.15, 0.16, 0.17, 0.18, 0.19, 0.2, 0.21, 0.22, 0.23, 0.24, 0.25, 0.26, 0.27, 0.28, 0.29, 0.3, 0.31, 0.32, 0.33, 0.34, 0.35, 0.36, 0.37, 0.38, 0.39, 0.4, 0.41, 0.42, 0.43, 0.44, 0.45, 0.46, 0.47, 0.48, 0.49, 0.5, 0.51, 0.52, 0.53, 0.54, 0.55, 0.56, 0.57, 0.58, 0.59, 0.6, 0.61, 0.62, 0.63, 0.64, 0.65, 0.66, 0.67, 0.68, 0.69, 0.7, 0.71, 0.72, 0.73, 0.74, 0.75, 0.76, 0.77, 0.78, 0.79, 0.8, 0.81, 0.82, 0.83, 0.84, 0.85, 0.86, 0.87, 0.88, 0.89, 0.9, 0.91, 0.92, 0.93, 0.94, 0.95, 0.96, 0.97, 0.98, 0.99, 1.0, 1.01, 1.02, 1.03, 1.04, 1.05, 1.06, 1.07, 1.08, 1.09, 1.1, 1.11, 1.12, 1.13, 1.14, 1.15, 1.16, 1.17, 1.18, 1.19, 1.2],
            "transform": [
                [1.0, 0.0, 0.0, -0.0, -0.0, 0.568065, 0.822984, 0.37472, 0.0, -0.822984, 0.568065, 0.0, 0.0, 0.0, 0.0, 1.0],
                [1.0, 0.0, 0.0, -0.0, -0.0, 0.540406, 0.841404, 0.37472, -0.0, -0.841404, 0.540406, 0.0, 0.0, 0.0, 0.0, 1.0],
                [1.0, 0.0, 0.0, -0.0, -0.0, 0.810246, 0.586089, 0.37472, 0.0, -0.586089, 0.810246, -0.0, 0.0, 0.0, 0.0, 1.0],
                [1.0, 0.0, -0.0, 0.0, -0.0, 0.960262, 0.2791, 0.37472, 0.0, -0.2791, 0.960262, 0.0, 0.0, 0.0, 0.0, 1.0],
                [1.0, 0.0, -0.0, 0.0, -0.0, 0.656561, 0.754273, 0.37472, 0.0, -0.754272, 0.656562, -0.0, 0.0, 0.0, 0.0, 1.0],
                [1.0, 0.0, 0.0, 0.0, -0.0, 0.202397, 0.979304, 0.37472, 0.0, -0.979303, 0.202398, -0.0, 0.0, 0.0, 0.0, 1.0],
                [1.0, 0.0, 0.0, 0.0, -0.0, -0.081254, 0.996693, 0.37472, 0.0, -0.996693, -0.081254, -0.0, 0.0, 0.0, 0.0, 1.0],
                [1.0, -0.0, 0.0, -0.0, -0.0, -0.083523, 0.996506, 0.37472, -0.0, -0.996506, -0.083523, 0.0, 0.0, 0.0, 0.0, 1.0],
                [1.0, -1e-06, -0.0, 0.0, 0.0, 0.153929, 0.988082, 0.37472, -1e-06, -0.988082, 0.153929, -0.0, 0.0, 0.0, 0.0, 1.0],
                [1.0, -1e-06, -1e-06, -0.0, 1e-06, 0.47897, 0.877831, 0.37472, -0.0, -0.877831, 0.47897, 0.0, 0.0, 0.0, 0.0, 1.0],
                [1.0, -1e-06, -1e-06, -0.0, 2e-06, 0.65134, 0.758786, 0.37472, 0.0, -0.758786, 0.651339, -0.0, 0.0, 0.0, 0.0, 1.0],
                [1.0, -1e-06, -1e-06, -0.0, 1e-06, 0.655573, 0.755132, 0.37472, 0.0, -0.755132, 0.655573, 0.0, 0.0, 0.0, 0.0, 1.0],
                [1.0, -0.0, -1e-06, -0.0, 1e-06, 0.556837, 0.830622, 0.37472, 1e-06, -0.830621, 0.556838, -0.0, 0.0, 0.0, 0.0, 1.0],
                [1.0, -0.0, -2e-06, -0.0, 1e-06, 0.399811, 0.916598, 0.37472, 0.0, -0.916597, 0.399812, -0.0, 0.0, 0.0, 0.0, 1.0],
                [1.0, 0.0, -1e-06, 0.0, 1e-06, 0.156901, 0.987615, 0.37472, 0.0, -0.987614, 0.156901, -0.0, 0.0, 0.0, 0.0, 1.0],
                [1.0, -0.0, -1e-06, 0.0, 1e-06, -0.132191, 0.991224, 0.37472, -0.0, -0.991224, -0.132191, 0.0, 0.0, 0.0, 0.0, 1.0],
                [1.0, -0.0, -1e-06, 0.0, 1e-06, -0.314116, 0.949384, 0.37472, -0.0, -0.949385, -0.314116, 0.0, 0.0, 0.0, 0.0, 1.0],
                [1.0, -0.0, -1e-06, 0.0, 1e-06, -0.436783, 0.899567, 0.37472, -0.0, -0.899567, -0.436783, 0.0, 0.0, 0.0, 0.0, 1.0],
                [1.0, -0.0, -0.0, 0.0, 0.0, -0.479613, 0.87748, 0.37472, -0.0, -0.87748, -0.479613, -0.0, 0.0, 0.0, 0.0, 1.0],
                [1.0, 0.0, -0.0, -0.0, 0.0, -0.477238, 0.878775, 0.37472, -0.0, -0.878774, -0.477238, 0.0, 0.0, 0.0, 0.0, 1.0],
                [1.0, -0.0, 0.0, -0.0, 0.0, -0.458877, 0.8885, 0.37472, -0.0, -0.8885, -0.458877, -0.0, 0.0, 0.0, 0.0, 1.0],
                [1.0, 0.0, -0.0, -0.0, 0.0, -0.443731, 0.89616, 0.37472, 0.0, -0.89616, -0.443731, -0.0, 0.0, 0.0, 0.0, 1.0],
                [1.0, 0.0, 0.0, -0.0, -0.0, -0.429907, 0.902874, 0.37472, 0.0, -0.902873, -0.429908, 0.0, 0.0, 0.0, 0.0, 1.0],
                [1.0, -0.0, 0.0, 0.0, -0.0, -0.406594, 0.913609, 0.37472, 0.0, -0.913609, -0.406594, 0.0, 0.0, 0.0, 0.0, 1.0],
                [1.0, 0.0, 0.0, -0.0, 0.0, -0.377549, 0.92599, 0.37472, 0.0, -0.92599, -0.377549, -0.0, 0.0, 0.0, 0.0, 1.0],
                [1.0, 0.0, -0.0, 0.0, 0.0, -0.344582, 0.938757, 0.37472, 0.0, -0.938756, -0.344582, -0.0, 0.0, 0.0, 0.0, 1.0],
                [1.0, 0.0, -0.0, 0.0, 0.0, -0.306573, 0.951848, 0.37472, 0.0, -0.951847, -0.306573, 0.0, 0.0, 0.0, 0.0, 1.0],
                [1.0, 0.0, -0.0, 0.0, 0.0, -0.238577, 0.971124, 0.37472, 0.0, -0.971124, -0.238577, 0.0, 0.0, 0.0, 0.0, 1.0],
                [1.0, 0.0, -1e-06, 0.0, 1e-06, -0.113539, 0.993534, 0.37472, 0.0, -0.993534, -0.113539, 0.0, 0.0, 0.0, 0.0, 1.0],
                [1.0, 0.0, -1e-06, -0.0, 1e-06, 0.073933, 0.997263, 0.37472, 1e-06, -0.997263, 0.073934, 0.0, 0.0, 0.0, 0.0, 1.0],
                [1.0, 0.0, -1e-06, -0.0, 1e-06, 0.375925, 0.926651, 0.37472, 1e-06, -0.92665, 0.375925, 0.0, 0.0, 0.0, 0.0, 1.0],
                [1.0, -0.0, -1e-06, 0.0, 1e-06, 0.670802, 0.741636, 0.37472, 0.0, -0.741635, 0.670803, -0.0, 0.0, 0.0, 0.0, 1.0],
