{
    "animation": [
        {
            "name": "Root",
            "time": [0.0, 0.01, 0.02, 0.03, 0.04, 0.05, 0.06, 0.07, 0.08, 0.09, 0.1, 0.11, 0.12, 0.13, 0.14, 0.15, 0.16, 0.17, 0.18, 0.19, 0.2, 0.21, 0.22, 0.23, 0.24, 0.25, 0.26, 0.27, 0.28, 0.29, 0.3, 0.31, 0.32, 0.33, 0.34, 0.35, 0.36, 0.37, 0.38, 0.39, 0.4, 0.41, 0.42, 0.43, 0.44, 0.45, 0.46, 0.47, 0.48, 0.49, 0.5, 0.51, 0.52, 0.53, 0.54, 0.55, 0.56, 0.57, 0.58, 0.59, 0.6, 0.61, 0.62, 0.63, 0.64, 0.65, 0.66, 0.67, 0.68, 0.69, 0.7, 0.71, 0.72, 0.73, 0.74, 0.75, 0.76, 0.77, 0.78, 0.79, 0.8, 0.81, 0.82, 0.83, 0.84, 0.85, 0.86, 0.87, 0.88, 0.89, 0.9, 0.91, 0.92, 0.93, 0.94, 0.95, 0.96, 0.97, 0.98, 0.99, 1.0, 1.01, 1.02, 1.03, 1.04, 1.05, 1.06, 1.07, 1.08, 1.09, 1.1, 1.11, 1.12, 1.13, 1.14, 1.15, 1.16, 1.17, 1.18, 1.19, 1.2, 1.21, 1.22, 1.23, 1.24, 1.25, 1.26, 1.27, 1.28, 1.29, 1.3, 1.31, 1.32, 1.33, 1.34, 1.35, 1.36, 1.37, 1.38, 1.39, 1.4, 1.41, 1.42, 1.43, 1.44, 1.45, 1.46, 1.47, 1.48, 1.49, 1.5, 1.51, 1.52, 1.53, 1.54, 1.55, 1.56, 1.57, 1.58, 1.59, 1.6, 1.61, 1.62, 1.63, 1.64, 1.65, 1.66, 1.67, 1.68, 1.69, 1.7, 1.71, 1.72, 1.73, 1.74, 1.75, 1.76, 1.77, 1.78, 1.79, 1.8, 1.81, 1.82, 1.83, 1.84, 1.85],
            "transform": [
                [0.994801, -0.004369, -0.101749, 0.000795, -0.101768, -0.004339, -0.994799, 0.024047, 0.003904, 0.999981, -0.004761, 0.757389, 0.0, 0.0, 0.0, 1.0],
                [0.994801, -0.004376, -0.101749, 0.000795, -0.101768, -0.004476, -0.994798, 0.024047, 0.003897, 0.99998, -0.004898, 0.757389, 0.0, 0.0, 0.0, 1.0],
                [0.994801, -0.004396, -0.101748, 0.000795, -0.101769, -0.004875, -0.994796, 0.024047, 0.003877, 0.999978, -0.005297, 0.757389, 0.0, 0.0, 0.0, 1.0],
                [0.9948, -0.004429, -0.101747, 0.000795, -0.101771, -0.005522, -0.994793, 0.024047, 0.003844, 0.999975, -0.005944, 0.757389, 0.0, 0.0, 0.0, 1.0],
                [0.9948, -0.004474, -0.101745, 0.000795, -0.101773, -0.006402, -0.994787, 0.024047, 0.003799, 0.999969, -0.006824, 0.757389, 0.0, 0.0, 0.0, 1.0],
                [0.9948, -0.00453, -0.101744, 0.000795, -0.101776, -0.007499, -0.994779, 0.024047, 0.003743, 0.999962, -0.007921, 0.757389, 0.0, 0.0, 0.0, 1.0],
                [0.9948, -0.004597, -0.101742, 0.000795, -0.10178, -0.0088, -0.994768, 0.024047, 0.003677, 0.999951, -0.009222, 0.757389, 0.0, 0.0, 0.0, 1.0],
                [0.9948, -0.004673, -0.101741, 0.000795, -0.101784, -0.010287, -0.994753, 0.024047, 0.003602, 0.999936, -0.01071, 0.757389, 0.0, 0.0, 0.0, 1.0],
                [0.9948, -0.004758, -0.10174, 0.000795, -0.10179, -0.011948, -0.994734, 0.024047, 0.003517, 0.999917, -0.01237, 0.757389, 0.0, 0.0, 0.0, 1.0],
                [0.994799, -0.004851, -0.101738, 0.000795, -0.101796, -0.013766, -0.99471, 0.024047, 0.003425, 0.999893, -0.014188, 0.757389, 0.0, 0.0, 0.0, 1.0],
                [0.994799, -0.004952, -0.101738, 0.000795, -0.101804, -0.015727, -0.99468, 0.024047, 0.003326, 0.999864, -0.016149, 0.757389, 0.0, 0.0, 0.0, 1.0],
                [0.994798, -0.00506, -0.101738, 0.000795, -0.101813, -0.017815, -0.994644, 0.024047, 0.00322, 0.999829, -0.018238, 0.757389, 0.0, 0.0, 0.0, 1.0],
                [0.994798, -0.005173, -0.101738, 0.000795, -0.101822, -0.020016, -0.994601, 0.024047, 0.003109, 0.999786, -0.020439, 0.757389, 0.0, 0.0, 0.0, 1.0],
                [0.994797, -0.005292, -0.10174, 0.000795, -0.101833, -0.022314, -0.994551, 0.024047, 0.002992, 0.999737, -0.022737, 0.757389, 0.0, 0.0, 0.0, 1.0],
                [0.994796, -0.005415, -0.101742, 0.000795, -0.101845, -0.024695, -0.994494, 0.024047, 0.002872, 0.99968, -0.025118, 0.757389, 0.0, 0.0, 0.0, 1.0],
                [0.994795, -0.005541, -0.101745, 0.000795, -0.101859, -0.027143, -0.994428, 0.024047, 0.002749, 0.999616, -0.027566, 0.757389, 0.0, 0.0, 0.0, 1.0],
                [0.994794, -0.005671, -0.10175, 0.000795, -0.101874, -0.029644, -0.994355, 0.024047, 0.002623, 0.999544, -0.030067, 0.757389, 0.0, 0.0, 0.0, 1.0],
                [0.994792, -0.005803, -0.101755, 0.000795, -0.10189, -0.032181, -0.994275, 0.024047, 0.002495, 0.999465, -0.032605, 0.757389, 0.0, 0.0, 0.0, 1.0],
                [0.994791, -0.005936, -0.101762, 0.000795, -0.101908, -0.034741, -0.994187, 0.024047, 0.002366, 0.999379, -0.035165, 0.757389, 0.0, 0.0, 0.0, 1.0],
                [0.994789, -0.00607, -0.101771, 0.000795, -0.101927, -0.037309, -0.994092, 0.024047, 0.002237, 0.999285, -0.037733, 0.757389, 0.0, 0.0, 0.0, 1.0],
                [0.994787, -0.006204, -0.101782, 0.000795, -0.101949, -0.039868, -0.99399, 0.024047, 0.002109, 0.999186, -0.040293, 0.757389, 0.0, 0.0, 0.0, 1.0],
                [0.994785, -0.006338, -0.101794, 0.000795, -0.101972, -0.042405, -0.993883, 0.024047, 0.001982, 0.99908, -0.04283, 0.757389, 0.0, 0.0, 0.0, 1.0],
                [0.994783, -0.00647, -0.101809, 0.000795, -0.101997, -0.044903, -0.993771, 0.024047, 0.001858, 0.99897, -0.045329, 0.757389, 0.0, 0.0, 0.0, 1.0],
                [0.99478, -0.006599, -0.101826, 0.000795, -0.102025, -0.047349, -0.993654, 0.024047, 0.001736, 0.998857, -0.047776, 0.757389, 0.0, 0.0, 0.0, 1.0],
                [0.994778, -0.006726, -0.101845, 0.000795, -0.102054, -0.049728, -0.993535, 0.024047, 0.001618, 0.99874, -0.050154, 0.757389, 0.0, 0.0, 0.0, 1.0],
                [0.994774, -0.006849, -0.101867, 0.000795, -0.102086, -0.052023, -0.993414, 0.024047, 0.001504, 0.998622, -0.052451, 0.757389, 0.0, 0.0, 0.0, 1.0],
                [0.994771, -0.006967, -0.101892, 0.000795, -0.102121, -0.054221, -0.993293, 0.024047, 0.001396, 0.998505, -0.054649, 0.757389, 0.0, 0.0, 0.0, 1.0],
                [0.994767, -0.007081, -0.101921, 0.000795, -0.102158, -0.056306, -0.993173, 0.024047, 0.001294, 0.998388, -0.056735, 0.757389, 0.0, 0.0, 0.0, 1.0],
                [0.994763, -0.007188, -0.101952, 0.000795, -0.102199, -0.058264, -0.993056, 0.024047, 0.001198, 0.998275, -0.058694, 0.757389, 0.0, 0.0, 0.0, 1.0],
                [0.994759, -0.007289, -0.101988, 0.000795, -0.102242, -0.060079, -0.992944, 0.024047, 0.00111, 0.998167, -0.06051, 0.757389, 0.0, 0.0, 0.0, 1.0],
                [0.994754, -0.007383, -0.102027, 0.000795, -0.102288, -0.061737, -0.992837, 0.024047, 0.001031, 0.998065, -0.062168, 0.757389, 0.0, 0.0, 0.0, 1.0],
                [0.994749, -0.007468, -0.10207, 0.000795, -0.102338, -0.063223, -0.992738, 0.024047, 0.000961, 0.997972, -0.063655, 0.757389, 0.0, 0.0, 0.0, 1.0],
                [0.994744, -0.007544, -0.102117, 0.000795, -0.102392, -0.064521, -0.992649, 0.024047, 0.0009, 0.997888, -0.064954, 0.757389, 0.0, 0.0, 0.0, 1.0],
                [0.994738, -0.007611, -0.10217, 0.000795, -0.102449, -0.065617, -0.992572, 0.024047, 0.00085, 0.997816, -0.066051, 0.757389, 0.0, 0.0, 0.0, 1.0],
                [0.994732, -0.007667, -0.102226, 0.000795, -0.10251, -0.066496, -0.992507, 0.024047, 0.000812, 0.997757, -0.066932, 0.757389, 0.0, 0.0, 0.0, 1.0],
                [0.994725, -0.007713, -0.102288, 0.000795, -0.102575, -0.067143, -0.992457, 0.024047, 0.000787, 0.997714, -0.06758, 0.757389, 0.0, 0.0, 0.0, 1.0],
                [0.994718, -0.007746, -0.102355, 0.000795, -0.102645, -0.067543, -0.992422, 0.024047, 0.000774, 0.997686, -0.067982, 0.757389, 0.0, 0.0, 0.0, 1.0],
                [0.99471, -0.007767, -0.102427, 0.000795, -0.102718, -0.067682, -0.992405, 0.024047, 0.000775, 0.997677, -0.068121, 0.757389, 0.0, 0.0, 0.0, 1.0],
                [0.994648, -0.008708, -0.102957, 0.001433, -0.103245, -0.044658, -0.993653, 0.015717, 0.004054, 0.998964, -0.045318, 0.735913, 0.0, 0.0, 0.0, 1.0],
                [0.99451, -0.010569, -0.104106, 0.003052, -0.104053, 0.005455, -0.994557, -0.006247, 0.011079, 0.999929, 0.004325, 0.694374, 0.0, 0.0, 0.0, 1.0],
                [0.994365, -0.011992, -0.105333, 0.005208, -0.104544, 0.053942, -0.993056, -0.037306, 0.01759, 0.998472, 0.052385, 0.667112, 0.0, 0.0, 0.0, 1.0],
                [0.994247, -0.012725, -0.10635, 0.00753, -0.104774, 0.090629, -0.990358, -0.073611, 0.022241, 0.995803, 0.088774, 0.65874, 0.0, 0.0, 0.0, 1.0],
                [0.994134, -0.013372, -0.107329, 0.009934, -0.104846, 0.124576, -0.986655, -0.11406, 0.026564, 0.99212, 0.122444, 0.650965, 0.0, 0.0, 0.0, 1.0],
                [0.994024, -0.013941, -0.108268, 0.012407, -0.104794, 0.155869, -0.982203, -0.158242, 0.030568, 0.987679, 0.153476, 0.643766, 0.0, 0.0, 0.0, 1.0],
                [0.993919, -0.014439, -0.109162, 0.014937, -0.104646, 0.184605, -0.977226, -0.205743, 0.034262, 0.982707, 0.181971, 0.637121, 0.0, 0.0, 0.0, 1.0],
                [0.993819, -0.014874, -0.110008, 0.017511, -0.104427, 0.210897, -0.971914, -0.256152, 0.037657, 0.977395, 0.20804, 0.631007, 0.0, 0.0, 0.0, 1.0],
                [0.993725, -0.015253, -0.110807, 0.020116, -0.104159, 0.234863, -0.966432, -0.309056, 0.040765, 0.971909, 0.231801, 0.625402, 0.0, 0.0, 0.0, 1.0],
                [0.993636, -0.01558, -0.111556, 0.022741, -0.103859, 0.256626, -0.960914, -0.364041, 0.0436, 0.966385, 0.253375, 0.620284, 0.0, 0.0, 0.0, 1.0],
                [0.993553, -0.015863, -0.112257, 0.025372, -0.103543, 0.27631, -0.955474, -0.420697, 0.046175, 0.960938, 0.272886, 0.615632, 0.0, 0.0, 0.0, 1.0],
                [0.993475, -0.016106, -0.112908, 0.027997, -0.103223, 0.294038, -0.950203, -0.47861, 0.048504, 0.955658, 0.290456, 0.611421, 0.0, 0.0, 0.0, 1.0],
                [0.993403, -0.016314, -0.113511, 0.030603, -0.10291, 0.30993, -0.945173, -0.537368, 0.0506, 0.950619, 0.306207, 0.607632, 0.0, 0.0, 0.0, 1.0],
                [0.993336, -0.016492, -0.114067, 0.033178, -0.102611, 0.324106, -0.940439, -0.596558, 0.052479, 0.945877, 0.320254, 0.604241, 0.0, 0.0, 0.0, 1.0],
                [0.993275, -0.016642, -0.114576, 0.035709, -0.102333, 0.336679, -0.936042, -0.655768, 0.054153, 0.941472, 0.332712, 0.601227, 0.0, 0.0, 0.0, 1.0],
                [0.993219, -0.016768, -0.115041, 0.038185, -0.10208, 0.347762, -0.932009, -0.714586, 0.055635, 0.937433, 0.343692, 0.598566, 0.0, 0.0, 0.0, 1.0],
                [0.993168, -0.016873, -0.115462, 0.040591, -0.101854, 0.35746, -0.928358, -0.772598, 0.056938, 0.933776, 0.353299, 0.596238, 0.0, 0.0, 0.0, 1.0],
                [0.993123, -0.01696, -0.115842, 0.042916, -0.101658, 0.365877, -0.925094, -0.829392, 0.058074, 0.930509, 0.361637, 0.59422, 0.0, 0.0, 0.0, 1.0],
                [0.993082, -0.017032, -0.116182, 0.045147, -0.101492, 0.373113, -0.922218, -0.884557, 0.059056, 0.927629, 0.368803, 0.592489, 0.0, 0.0, 0.0, 1.0],
                [0.993046, -0.01709, -0.116483, 0.047272, -0.101356, 0.379264, -0.919721, -0.937679, 0.059896, 0.925131, 0.374894, 0.591024, 0.0, 0.0, 0.0, 1.0],
                [0.993014, -0.017135, -0.116749, 0.049278, -0.101247, 0.384424, -0.917588, -0.988345, 0.060604, 0.922998, 0.380003, 0.589803, 0.0, 0.0, 0.0, 1.0],
                [0.992986, -0.017171, -0.11698, 0.051152, -0.101165, 0.388683, -0.915801, -1.036144, 0.061193, 0.921211, 0.38422, 0.588803, 0.0, 0.0, 0.0, 1.0],
                [0.992962, -0.017198, -0.117178, 0.052882, -0.101108, 0.392132, -0.914336, -1.080663, 0.061674, 0.919748, 0.387633, 0.588002, 0.0, 0.0, 0.0, 1.0],
                [0.992942, -0.017218, -0.117346, 0.054456, -0.101071, 0.394856, -0.913167, -1.121489, 0.062058, 0.918582, 0.390329, 0.587379, 0.0, 0.0, 0.0, 1.0],
                [0.992925, -0.017232, -0.117485, 0.05586, -0.101052, 0.396944, -0.912263, -1.15821, 0.062355, 0.917681, 0.392394, 0.58691, 0.0, 0.0, 0.0, 1.0],
                [0.992912, -0.017241, -0.117597, 0.057083, -0.101047, 0.398479, -0.911594, -1.190413, 0.062577, 0.917016, 0.393912, 0.586574, 0.0, 0.0, 0.0, 1.0],
                [0.992901, -0.017246, -0.117684, 0.058112, -0.101052, 0.399546, -0.911126, -1.217686, 0.062734, 0.916551, 0.394967, 0.586349, 0.0, 0.0, 0.0, 1.0],
                [0.992894, -0.017249, -0.117748, 0.058934, -0.101063, 0.40023, -0.910825, -1.239617, 0.062837, 0.916252, 0.395642, 0.586213, 0.0, 0.0, 0.0, 1.0],
                [0.992888, -0.017249, -0.117792, 0.059536, -0.101076, 0.400615, -0.910654, -1.255792, 0.062897, 0.916084, 0.396022, 0.586143, 0.0, 0.0, 0.0, 1.0],
                [0.992885, -0.017249, -0.117817, 0.059907, -0.101088, 0.400783, -0.910579, -1.2658, 0.062925, 0.91601, 0.396188, 0.586117, 0.0, 0.0, 0.0, 1.0],
                [0.992885, -0.017249, -0.117825, 0.060034, -0.101092, 0.400821, -0.910562, -1.269228, 0.062932, 0.915994, 0.396225, 0.586113, 0.0, 0.0, 0.0, 1.0],
                [0.9922, -0.018272, -0.123313, 0.053438, -0.1016, 0.454641, -0.884861, -1.328989, 0.072231, 0.890487, 0.449239, 0.566132, 0.0, 0.0, 0.0, 1.0],
                [0.991476, -0.018968, -0.128901, 0.046842, -0.101549, 0.507329, -0.855748, -1.38875, 0.081627, 0.861544, 0.501079, 0.54615, 0.0, 0.0, 0.0, 1.0],
                [0.990717, -0.019327, -0.134558, 0.040246, -0.100924, 0.55856, -0.823301, -1.448511, 0.09107, 0.829239, 0.551425, 0.526169, 0.0, 0.0, 0.0, 1.0],
                [0.989927, -0.019338, -0.140255, 0.033651, -0.099717, 0.608017, -0.787637, -1.508272, 0.100508, 0.793688, 0.599964, 0.506187, 0.0, 0.0, 0.0, 1.0],
                [0.989108, -0.018997, -0.14596, 0.027055, -0.097927, 0.655394, -0.748912, -1.568033, 0.109888, 0.755048, 0.646395, 0.486206, 0.0, 0.0, 0.0, 1.0],
                [0.988266, -0.018303, -0.15164, 0.020459, -0.09556, 0.700406, -0.707319, -1.627794, 0.119155, 0.71351, 0.690438, 0.466224, 0.0, 0.0, 0.0, 1.0],
                [0.987406, -0.017258, -0.157264, 0.013863, -0.092627, 0.74279, -0.663086, -1.687555, 0.128257, 0.669302, 0.731837, 0.446243, 0.0, 0.0, 0.0, 1.0],
                [0.986532, -0.01587, -0.162799, 0.007268, -0.089146, 0.782315, -0.61647, -1.747316, 0.137144, 0.62268, 0.770364, 0.426261, 0.0, 0.0, 0.0, 1.0],
                [0.985649, -0.01415, -0.168216, 0.000672, -0.085141, 0.818784, -0.567753, -1.807077, 0.145766, 0.573927, 0.805828, 0.40628, 0.0, 0.0, 0.0, 1.0],
                [0.984762, -0.012111, -0.173485, -0.005924, -0.080643, 0.852035, -0.517236, -1.866838, 0.15408, 0.523345, 0.838075, 0.386299, 0.0, 0.0, 0.0, 1.0],
                [0.983877, -0.009771, -0.178581, -0.012519, -0.075684, 0.881947, -0.465233, -1.926599, 0.162045, 0.471248, 0.866987, 0.366317, 0.0, 0.0, 0.0, 1.0],
                [0.982997, -0.007151, -0.18348, -0.019115, -0.070305, 0.908437, -0.412066, -1.98636, 0.169627, 0.41796, 0.892489, 0.346336, 0.0, 0.0, 0.0, 1.0],
                [0.982997, -0.007151, -0.18348, -0.019115, -0.070305, 0.908437, -0.412066, -1.98636, 0.169627, 0.41796, 0.892489, 0.346336, 0.0, 0.0, 0.0, 1.0],
                [0.982997, -0.007151, -0.18348, -0.019115, -0.070305, 0.908437, -0.412066, -1.98636, 0.169627, 0.41796, 0.892489, 0.346336, 0.0, 0.0, 0.0, 1.0],
                [0.982997, -0.007151, -0.18348, -0.019115, -0.070305, 0.908437, -0.412066, -1.98636, 0.169627, 0.41796, 0.892489, 0.346336, 0.0, 0.0, 0.0, 1.0],
                [0.982997, -0.007151, -0.18348, -0.019115, -0.070305, 0.908437, -0.412066, -1.98636, 0.169627, 0.41796, 0.892489, 0.346336, 0.0, 0.0, 0.0, 1.0],
                [0.982997, -0.007151, -0.18348, -0.019115, -0.070305, 0.908437, -0.412066, -1.98636, 0.169627, 0.41796, 0.892489, 0.346336, 0.0, 0.0, 0.0, 1.0],
                [0.982997, -0.007151, -0.18348, -0.019115, -0.070305, 0.908437, -0.412066, -1.98636, 0.169627, 0.41796, 0.892489, 0.346336, 0.0, 0.0, 0.0, 1.0],
                [0.982997, -0.007151, -0.18348, -0.019115, -0.070305, 0.908437, -0.412066, -1.98636, 0.169627, 0.41796, 0.892489, 0.346336, 0.0, 0.0, 0.0, 1.0],
                [0.982997, -0.007151, -0.18348, -0.019115, -0.070305, 0.908437, -0.412066, -1.98636, 0.169627, 0.41796, 0.892489, 0.346336, 0.0, 0.0, 0.0, 1.0],
                [0.982997, -0.007151, -0.18348, -0.019115, -0.070305, 0.908437, -0.412066, -1.98636, 0.169627, 0.41796, 0.892489, 0.346336, 0.0, 0.0, 0.0, 1.0],
                [0.982997, -0.007151, -0.18348, -0.019115, -0.070305, 0.908437, -0.412066, -1.98636, 0.169627, 0.41796, 0.892489, 0.346336, 0.0, 0.0, 0.0, 1.0],
                [0.982997, -0.007151, -0.18348, -0.019115, -0.070305, 0.908437, -0.412066, -1.98636, 0.169627, 0.41796, 0.892489, 0.346336, 0.0, 0.0, 0.0, 1.0],
                [0.982997, -0.007151, -0.18348, -0.019115, -0.070305, 0.908437, -0.412066, -1.98636, 0.169627, 0.41796, 0.892489, 0.346336, 0.0, 0.0, 0.0, 1.0],
                [0.982997, -0.007151, -0.18348, -0.019115, -0.070305, 0.908437, -0.412066, -1.98636, 0.169627, 0.41796, 0.892489, 0.346336, 0.0, 0.0, 0.0, 1.0],
                [0.982997, -0.007151, -0.18348, -0.019115, -0.070305, 0.908437, -0.412066, -1.98636, 0.169627, 0.41796, 0.892489, 0.346336, 0.0, 0.0, 0.0, 1.0],
                [0.982997, -0.007151, -0.18348, -0.019115, -0.070305, 0.908437, -0.412066, -1.98636, 0.169627, 0.41796, 0.892489, 0.346336, 0.0, 0.0, 0.0, 1.0],
                [0.989441, -0.003644, -0.144892, -0.019115, -0.057128, 0.908948, -0.412977, -1.98636, 0.133204, 0.416893, 0.899142, 0.346336, 0.0, 0.0, 0.0, 1.0],
                [0.994379, -0.000168, -0.105875, -0.019115, -0.04386, 0.909506, -0.413371, -1.98636, 0.096363, 0.415691, 0.904387, 0.346336, 0.0, 0.0, 0.0, 1.0],
                [0.99778, 0.003269, -0.066516, -0.019115, -0.030529, 0.91011, -0.41324, -1.98636, 0.059186, 0.414354, 0.908189, 0.346336, 0.0, 0.0, 0.0, 1.0],
                [0.999616, 0.006656, -0.026906, -0.019115, -0.017169, 0.91076, -0.412579, -1.98636, 0.021759, 0.412882, 0.910525, 0.346336, 0.0, 0.0, 0.0, 1.0],
                [0.999867, 0.009986, 0.012862, -0.019115, -0.003811, 0.911455, -0.411383, -1.98636, -0.015832, 0.411279, 0.911372, 0.346336, 0.0, 0.0, 0.0, 1.0],
                [0.998523, 0.01325, 0.052695, -0.019115, 0.009514, 0.912192, -0.409652, -1.98636, -0.053496, 0.409548, 0.910719, 0.346336, 0.0, 0.0, 0.0, 1.0],
                [0.995577, 0.016441, 0.092495, -0.019115, 0.022772, 0.912972, -0.407387, -1.98636, -0.091143, 0.407692, 0.908559, 0.346336, 0.0, 0.0, 0.0, 1.0],
                [0.991035, 0.019549, 0.132167, -0.019115, 0.035932, 0.91379, -0.404593, -1.98636, -0.128683, 0.405715, 0.904896, 0.346336, 0.0, 0.0, 0.0, 1.0],
                [0.984905, 0.022569, 0.171616, -0.019115, 0.048962, 0.914648, -0.401276, -1.98636, -0.166025, 0.403622, 0.899736, 0.346336, 0.0, 0.0, 0.0, 1.0],
                [0.977208, 0.025492, 0.210748, -0.019115, 0.061832, 0.91554, -0.397446, -1.98636, -0.20308, 0.401419, 0.893097, 0.346336, 0.0, 0.0, 0.0, 1.0],
                [0.967969, 0.028312, 0.249469, -0.019115, 0.07451, 0.916466, -0.393114, -1.98636, -0.23976, 0.39911, 0.885001, 0.346336, 0.0, 0.0, 0.0, 1.0],
                [0.957221, 0.031023, 0.287691, -0.019115, 0.086968, 0.917423, -0.388293, -1.98636, -0.275981, 0.396703, 0.875478, 0.346336, 0.0, 0.0, 0.0, 1.0],
                [0.945004, 0.03362, 0.325327, -0.019115, 0.099179, 0.918408, -0.383002, -1.98636, -0.31166, 0.394204, 0.864564, 0.346336, 0.0, 0.0, 0.0, 1.0],
                [0.931364, 0.036098, 0.362296, -0.019115, 0.111116, 0.919419, -0.377256, -1.98636, -0.34672, 0.391619, 0.852303, 0.346336, 0.0, 0.0, 0.0, 1.0],
                [0.916354, 0.038453, 0.398518, -0.019115, 0.122755, 0.920453, -0.371076, -1.98636, -0.381086, 0.388957, 0.838741, 0.346336, 0.0, 0.0, 0.0, 1.0],
                [0.916354, 0.038453, 0.398518, -0.019115, 0.122755, 0.920453, -0.371076, -1.98636, -0.381086, 0.388957, 0.838741, 0.346336, 0.0, 0.0, 0.0, 1.0],
                [0.916354, 0.038453, 0.398518, -0.019115, 0.122755, 0.920453, -0.371076, -1.98636, -0.381086, 0.388957, 0.838741, 0.346336, 0.0, 0.0, 0.0, 1.0],
                [0.916354, 0.038453, 0.398518, -0.019115, 0.122755, 0.920453, -0.371076, -1.98636, -0.381086, 0.388957, 0.838741, 0.346336, 0.0, 0.0, 0.0, 1.0],
                [0.916354, 0.038453, 0.398518, -0.019115, 0.122755, 0.920453, -0.371076, -1.98636, -0.381086, 0.388957, 0.838741, 0.346336, 0.0, 0.0, 0.0, 1.0],
                [0.916354, 0.038453, 0.398518, -0.019115, 0.122755, 0.920453, -0.371076, -1.98636, -0.381086, 0.388957, 0.838741, 0.346336, 0.0, 0.0, 0.0, 1.0],
                [0.950505, 0.039741, 0.308157, -0.019115, 0.104467, 0.893172, -0.437414, -1.98636, -0.292621, 0.447956, 0.844813, 0.346336, 0.0, 0.0, 0.0, 1.0],
                [0.976578, 0.034515, 0.212375, -0.019115, 0.078653, 0.861471, -0.501679, -1.98636, -0.20027, 0.506633, 0.838579, 0.346336, 0.0, 0.0, 0.0, 1.0],
                [0.993355, 0.022379, 0.112896, -0.019115, 0.0453, 0.825715, -0.562266, -1.98636, -0.105802, 0.563644, 0.819214, 0.346336, 0.0, 0.0, 0.0, 1.0],
                [0.999926, 0.003216, 0.011767, -0.019115, 0.004738, 0.786485, -0.617592, -1.98636, -0.011241, 0.617601, 0.786411, 0.346336, 0.0, 0.0, 0.0, 1.0],
                [0.995792, -0.022776, -0.088763, -0.019115, -0.042356, 0.744556, -0.666215, -1.98636, 0.081263, 0.667172, 0.740458, 0.346336, 0.0, 0.0, 0.0, 1.0],
                [0.980927, -0.055085, -0.186406, -0.019115, -0.094986, 0.70085, -0.706956, -1.98636, 0.169585, 0.711179, 0.68225, 0.346336, 0.0, 0.0, 0.0, 1.0],
                [0.955785, -0.092915, -0.279002, -0.019115, -0.15191, 0.656367, -0.73899, -1.98636, 0.251791, 0.748698, 0.613231, 0.346336, 0.0, 0.0, 0.0, 1.0],
                [0.921258, -0.135251, -0.364679, -0.019115, -0.211731, 0.612113, -0.761897, -1.98636, 0.326272, 0.779118, 0.535277, 0.346336, 0.0, 0.0, 0.0, 1.0],
                [0.878593, -0.180941, -0.441967, -0.019115, -0.273009, 0.569027, -0.775677, -1.98636, 0.391842, 0.802165, 0.450544, 0.346336, 0.0, 0.0, 0.0, 1.0],
                [0.82927, -0.228789, -0.50987, -0.019115, -0.334363, 0.527919, -0.780707, -1.98636, 0.447787, 0.817898, 0.361289, 0.346336, 0.0, 0.0, 0.0, 1.0],
                [0.82927, -0.228789, -0.50987, -0.019115, -0.334363, 0.527919, -0.780707, -1.98636, 0.447787, 0.817898, 0.361289, 0.346336, 0.0, 0.0, 0.0, 1.0],
                [0.82927, -0.228789, -0.50987, -0.019115, -0.334363, 0.527919, -0.780707, -1.98636, 0.447787, 0.817898, 0.361289, 0.346336, 0.0, 0.0, 0.0, 1.0],
                [0.82927, -0.228789, -0.50987, -0.019115, -0.334363, 0.527919, -0.780707, -1.98636, 0.447787, 0.817898, 0.361289, 0.346336, 0.0, 0.0, 0.0, 1.0],
                [0.82927, -0.228789, -0.50987, -0.019115, -0.334363, 0.527919, -0.780707, -1.98636, 0.447787, 0.817898, 0.361289, 0.346336, 0.0, 0.0, 0.0, 1.0],
                [0.82927, -0.228789, -0.50987, -0.019115, -0.334363, 0.527919, -0.780707, -1.98636, 0.447787, 0.817898, 0.361289, 0.346336, 0.0, 0.0, 0.0, 1.0],
                [0.82927, -0.228789, -0.50987, -0.019115, -0.334363, 0.527919, -0.780707, -1.98636, 0.447787, 0.817898, 0.361289, 0.346336, 0.0, 0.0, 0.0, 1.0],
                [0.82927, -0.228789, -0.50987, -0.019115, -0.334363, 0.527919, -0.780707, -1.98636, 0.447787, 0.817898, 0.361289, 0.346336, 0.0, 0.0, 0.0, 1.0],
                [0.82927, -0.228789, -0.50987, -0.019115, -0.334363, 0.527919, -0.780707, -1.98636, 0.447787, 0.817898, 0.361289, 0.346336, 0.0, 0.0, 0.0, 1.0],
                [0.82927, -0.228789, -0.50987, -0.019115, -0.334363, 0.527919, -0.780707, -1.98636, 0.447787, 0.817898, 0.361289, 0.346336, 0.0, 0.0, 0.0, 1.0],
                [0.82927, -0.228789, -0.50987, -0.019115, -0.334363, 0.527919, -0.780707, -1.98636, 0.447787, 0.817898, 0.361289, 0.346336, 0.0, 0.0, 0.0, 1.0],
                [0.82927, -0.228789, -0.50987, -0.019115, -0.334363, 0.527919, -0.780707, -1.98636, 0.447787, 0.817898, 0.361289, 0.346336, 0.0, 0.0, 0.0, 1.0],
                [0.82927, -0.228789, -0.50987, -0.019115, -0.334363, 0.527919, -0.780707, -1.98636, 0.447787, 0.817898, 0.361289, 0.346336, 0.0, 0.0, 0.0, 1.0],
                [0.82927, -0.228789, -0.50987, -0.019115, -0.334363, 0.527919, -0.780707, -1.98636, 0.447787, 0.817898, 0.361289, 0.346336, 0.0, 0.0, 0.0, 1.0],
                [0.82927, -0.228789, -0.50987, -0.019115, -0.334363, 0.527919, -0.780707, -1.98636, 0.447787, 0.817898, 0.361289, 0.346336, 0.0, 0.0, 0.0, 1.0],
                [0.82927, -0.228789, -0.50987, -0.019115, -0.334363, 0.527919, -0.780707, -1.98636, 0.447787, 0.817898, 0.361289, 0.346336, 0.0, 0.0, 0.0, 1.0],
                [0.82927, -0.228789, -0.50987, -0.019115, -0.334363, 0.527919, -0.780707, -1.98636, 0.447787, 0.817898, 0.361289, 0.346336, 0.0, 0.0, 0.0, 1.0],
                [0.82927, -0.228789, -0.50987, -0.019115, -0.334363, 0.527919, -0.780707, -1.98636, 0.447787, 0.817898, 0.361289, 0.346336, 0.0, 0.0, 0.0, 1.0],
                [0.82927, -0.228789, -0.50987, -0.019115, -0.334363, 0.527919, -0.780707, -1.98636, 0.447787, 0.817898, 0.361289, 0.346336, 0.0, 0.0, 0.0, 1.0],
                [0.82927, -0.228789, -0.50987, -0.019115, -0.334363, 0.527919, -0.780707, -1.98636, 0.447787, 0.817898, 0.361289, 0.346336, 0.0, 0.0, 0.0, 1.0],
                [0.82927, -0.228789, -0.50987, -0.019115, -0.334363, 0.527919, -0.780707, -1.98636, 0.447787, 0.817898, 0.361289, 0.346336, 0.0, 0.0, 0.0, 1.0],
                [0.842439, -0.22544, -0.489361, -0.015759, -0.325257, 0.511296, -0.795478, -1.973239, 0.429541, 0.829309, 0.357409, 0.361352, 0.0, 0.0, 0.0, 1.0],
                [0.855202, -0.221579, -0.468542, -0.012402, -0.315586, 0.494488, -0.809869, -1.960117, 0.411138, 0.840467, 0.35296, 0.376369, 0.0, 0.0, 0.0, 1.0],
                [0.867539, -0.217203, -0.447436, -0.009046, -0.305353, 0.477515, -0.823856, -1.946996, 0.392601, 0.851353, 0.347939, 0.391386, 0.0, 0.0, 0.0, 1.0],
                [0.879427, -0.212311, -0.426066, -0.005689, -0.294564, 0.460396, -0.837417, -1.933875, 0.373952, 0.861951, 0.342346, 0.406402, 0.0, 0.0, 0.0, 1.0],
                [0.890845, -0.206904, -0.404457, -0.002333, -0.283227, 0.443153, -0.850528, -1.920753, 0.355214, 0.872242, 0.33618, 0.421419, 0.0, 0.0, 0.0, 1.0],
                [0.901774, -0.200984, -0.382636, 0.001024, -0.271352, 0.425807, -0.863166, -1.907632, 0.336412, 0.88221, 0.329444, 0.436436, 0.0, 0.0, 0.0, 1.0],
                [0.912193, -0.194553, -0.360628, 0.00438, -0.258948, 0.40838, -0.875312, -1.89451, 0.317568, 0.891838, 0.322142, 0.451453, 0.0, 0.0, 0.0, 1.0],
                [0.922086, -0.187616, -0.338462, 0.007737, -0.246029, 0.390893, -0.886945, -1.881389, 0.298708, 0.901112, 0.314278, 0.466469, 0.0, 0.0, 0.0, 1.0],
                [0.931437, -0.180179, -0.316166, 0.011093, -0.232607, 0.37337, -0.898047, -1.868268, 0.279856, 0.910017, 0.30586, 0.481486, 0.0, 0.0, 0.0, 1.0],
                [0.940229, -0.172248, -0.293769, 0.01445, -0.218698, 0.355834, -0.908599, -1.855146, 0.261038, 0.918538, 0.296895, 0.496503, 0.0, 0.0, 0.0, 1.0],
                [0.948449, -0.163834, -0.271299, 0.017806, -0.204319, 0.338308, -0.918586, -1.842025, 0.242278, 0.926664, 0.287394, 0.511519, 0.0, 0.0, 0.0, 1.0],
                [0.956084, -0.154944, -0.248788, 0.021162, -0.189486, 0.320816, -0.927994, -1.828904, 0.223602, 0.934382, 0.277367, 0.526536, 0.0, 0.0, 0.0, 1.0],
                [0.963124, -0.145591, -0.226263, 0.024519, -0.17422, 0.30338, -0.936807, -1.815782, 0.205035, 0.941681, 0.266827, 0.541553, 0.0, 0.0, 0.0, 1.0],
                [0.969559, -0.135787, -0.203756, 0.027875, -0.15854, 0.286023, -0.945016, -1.802661, 0.1866, 0.948553, 0.255789, 0.556569, 0.0, 0.0, 0.0, 1.0],
                [0.975382, -0.125546, -0.181296, 0.031232, -0.142469, 0.268769, -0.95261, -1.789539, 0.168323, 0.954988, 0.244266, 0.571586, 0.0, 0.0, 0.0, 1.0],
                [0.980586, -0.114882, -0.158912, 0.034588, -0.126027, 0.25164, -0.95958, -1.776418, 0.150227, 0.960978, 0.232277, 0.586603, 0.0, 0.0, 0.0, 1.0],
                [0.985167, -0.103811, -0.136635, 0.037945, -0.109238, 0.234659, -0.96592, -1.763297, 0.132335, 0.966519, 0.219838, 0.601619, 0.0, 0.0, 0.0, 1.0],
                [0.989123, -0.092349, -0.114491, 0.041301, -0.092127, 0.217846, -0.971625, -1.750175, 0.11467, 0.971604, 0.206968, 0.616636, 0.0, 0.0, 0.0, 1.0],
                [0.992451, -0.080515, -0.092511, 0.044658, -0.074718, 0.201222, -0.976692, -1.737054, 0.097254, 0.976231, 0.193687, 0.631653, 0.0, 0.0, 0.0, 1.0],
                [0.995153, -0.068327, -0.070721, 0.048014, -0.057035, 0.184809, -0.981118, -1.723933, 0.080107, 0.980396, 0.180016, 0.646669, 0.0, 0.0, 0.0, 1.0],
                [0.997231, -0.055803, -0.049149, 0.051371, -0.039105, 0.168625, -0.984904, -1.710811, 0.063249, 0.984099, 0.165976, 0.661686, 0.0, 0.0, 0.0, 1.0],
                [0.998689, -0.042965, -0.027819, 0.054727, -0.020954, 0.15269, -0.988052, -1.69769, 0.046699, 0.98734, 0.15159, 0.676703, 0.0, 0.0, 0.0, 1.0],
                [0.999532, -0.029831, -0.006757, 0.058084, -0.002607, 0.137021, -0.990565, -1.684568, 0.030475, 0.990119, 0.136879, 0.69172, 0.0, 0.0, 0.0, 1.0],
                [0.999767, -0.016423, 0.014014, 0.06144, 0.01591, 0.121634, -0.992447, -1.671447, 0.014594, 0.992439, 0.121867, 0.706736, 0.0, 0.0, 0.0, 1.0],
                [0.999402, -0.002762, 0.034471, 0.064796, 0.034569, 0.106546, -0.993707, -1.658326, -0.000928, 0.994304, 0.106577, 0.721753, 0.0, 0.0, 0.0, 1.0],
                [0.999402, -0.002762, 0.034471, 0.064796, 0.034569, 0.106546, -0.993707, -1.658326, -0.000928, 0.994304, 0.106577, 0.721753, 0.0, 0.0, 0.0, 1.0],
                [0.999402, -0.002762, 0.034471, 0.064796, 0.034569, 0.106546, -0.993707, -1.658326, -0.000928, 0.994304, 0.106577, 0.721753, 0.0, 0.0, 0.0, 1.0],
                [0.999402, -0.002762, 0.034471, 0.064796, 0.034569, 0.106546, -0.993707, -1.658326, -0.000928, 0.994304, 0.106577, 0.721753, 0.0, 0.0, 0.0, 1.0],
                [0.999402, -0.002762, 0.034471, 0.064796, 0.034569, 0.106546, -0.993707, -1.658326, -0.000928, 0.994304, 0.106577, 0.721753, 0.0, 0.0, 0.0, 1.0],
                [0.999402, -0.002762, 0.034471, 0.064796, 0.034569, 0.106546, -0.993707, -1.658326, -0.000928, 0.994304, 0.106577, 0.721753, 0.0, 0.0, 0.0, 1.0],
                [0.999402, -0.002762, 0.034471, 0.064796, 0.034569, 0.106546, -0.993707, -1.658326, -0.000928, 0.994304, 0.106577, 0.721753, 0.0, 0.0, 0.0, 1.0],
                [0.999402, -0.002762, 0.034471, 0.064796, 0.034569, 0.106546, -0.993707, -1.658326, -0.000928, 0.994304, 0.106577, 0.721753, 0.0, 0.0, 0.0, 1.0],
                [0.999402, -0.002762, 0.034471, 0.064796, 0.034569, 0.106546, -0.993707, -1.658326, -0.000928, 0.994304, 0.106577, 0.721753, 0.0, 0.0, 0.0, 1.0],
                [0.999402, -0.002762, 0.034471, 0.064796, 0.034569, 0.106546, -0.993707, -1.658326, -0.000928, 0.994304, 0.106577, 0.721753, 0.0, 0.0, 0.0, 1.0],
                [0.999402, -0.002762, 0.034471, 0.064796, 0.034569, 0.106546, -0.993707, -1.658326, -0.000928, 0.994304, 0.106577, 0.721753, 0.0, 0.0, 0.0, 1.0],
                [0.999402, -0.002762, 0.034471, 0.064796, 0.034569, 0.106546, -0.993707, -1.658326, -0.000928, 0.994304, 0.106577, 0.721753, 0.0, 0.0, 0.0, 1.0],
                [0.999402, -0.002762, 0.034471, 0.064796, 0.034569, 0.106546, -0.993707, -1.658326, -0.000928, 0.994304, 0.106577, 0.721753, 0.0, 0.0, 0.0, 1.0],
                [0.999402, -0.002762, 0.034471, 0.064796, 0.034569, 0.106546, -0.993707, -1.658326, -0.000928, 0.994304, 0.106577, 0.721753, 0.0, 0.0, 0.0, 1.0],
                [0.999402, -0.002762, 0.034471, 0.064796, 0.034569, 0.106546, -0.993707, -1.658326, -0.000928, 0.994304, 0.106577, 0.721753, 0.0, 0.0, 0.0, 1.0],
                [0.999402, -0.002762, 0.034471, 0.064796, 0.034569, 0.106546, -0.993707, -1.658326, -0.000928, 0.994304, 0.106577, 0.721753, 0.0, 0.0, 0.0, 1.0]
            ]
        },
        {
            "name": "Thigh_R",
            "time": [0.0, 0.01, 0.02, 0.03, 0.04, 0.05, 0.06, 0.07, 0.08, 0.09, 0.1, 0.11, 0.12, 0.13, 0.14, 0.15, 0.16, 0.17, 0.18, 0.19, 0.2, 0.21, 0.22, 0.23, 0.24, 0.25, 0.26, 0.27, 0.28, 0.29, 0.3, 0.31, 0.32, 0.33, 0.34, 0.35, 0.36, 0.37, 0.38, 0.39, 0.4, 0.41, 0.42, 0.43, 0.44, 0.45, 0.46, 0.47, 0.48, 0.49, 0.5, 0.51, 0.52, 0.53, 0.54, 0.55, 0.56, 0.57, 0.58, 0.59, 0.6, 0.61, 0.62, 0.63, 0.64, 0.65, 0.66, 0.67, 0.68, 0.69, 0.7, 0.71, 0.72, 0.73, 0.74, 0.75, 0.76, 0.77, 0.78, 0.79, 0.8, 0.81, 0.82, 0.83, 0.84, 0.85, 0.86, 0.87, 0.88, 0.89, 0.9, 0.91, 0.92, 0.93, 0.94, 0.95, 0.96, 0.97, 0.98, 0.99, 1.0, 1.01, 1.02, 1.03, 1.04, 1.05, 1.06, 1.07, 1.08, 1.09, 1.1, 1.11, 1.12, 1.13, 1.14, 1.15, 1.16, 1.17, 1.18, 1.19, 1.2, 1.21, 1.22, 1.23, 1.24, 1.25, 1.26, 1.27, 1.28, 1.29, 1.3, 1.31, 1.32, 1.33, 1.34, 1.35, 1.36, 1.37, 1.38, 1.39, 1.4, 1.41, 1.42, 1.43, 1.44, 1.45, 1.46, 1.47, 1.48, 1.49, 1.5, 1.51, 1.52, 1.53, 1.54, 1.55, 1.56, 1.57, 1.58, 1.59, 1.6, 1.61, 1.62, 1.63, 1.64, 1.65, 1.66, 1.67, 1.68, 1.69, 1.7, 1.71, 1.72, 1.73, 1.74, 1.75, 1.76, 1.77, 1.78, 1.79, 1.8, 1.81, 1.82, 1.83, 1.84, 1.85],
            "transform": [
                [0.997301, -0.011978, -0.072458, 0.124994, -0.004064, -0.994099, 0.108402, -0.002831, -0.073329, -0.107815, -0.991463, -1.2e-05, 0.0, 0.0, 0.0, 1.0],
                [0.997281, -0.011478, -0.072796, 0.124994, -0.003529, -0.9941, 0.108397, -0.002831, -0.07361, -0.107845, -0.991438, -1.2e-05, 0.0, 0.0, 0.0, 1.0],
                [0.997225, -0.010022, -0.073778, 0.124994, -0.001973, -0.994108, 0.10837, -0.002831, -0.074429, -0.107923, -0.991369, -1.2e-05, 0.0, 0.0, 0.0, 1.0],
                [0.997127, -0.007685, -0.075361, 0.124994, 0.000529, -0.994109, 0.108367, -0.002831, -0.07575, -0.108096, -0.99125, -1.2e-05, 0.0, 0.0, 0.0, 1.0],
                [0.996982, -0.004515, -0.077502, 0.124994, 0.003902, -0.99413, 0.108115, -0.002831, -0.077535, -0.108091, -0.991112, -1.2e-05, 0.0, 0.0, 0.0, 1.0],
                [0.996782, -0.000586, -0.080157, 0.124994, 0.008072, -0.994156, 0.107637, -0.002831, -0.079752, -0.107938, -0.990953, -1.2e-05, 0.0, 0.0, 0.0, 1.0],
                [0.996519, 0.004038, -0.08328, 0.124994, 0.01296, -0.994188, 0.106875, -0.002831, -0.082365, -0.107583, -0.990779, -1.2e-05, 0.0, 0.0, 0.0, 1.0],
                [0.99618, 0.009295, -0.086823, 0.124994, 0.018492, -0.994223, 0.105725, -0.002831, -0.085339, -0.106927, -0.990598, -1.2e-05, 0.0, 0.0, 0.0, 1.0],
                [0.99576, 0.015124, -0.090735, 0.124994, 0.024589, -0.99426, 0.104116, -0.002831, -0.088639, -0.105906, -0.990418, -1.2e-05, 0.0, 0.0, 0.0, 1.0],
                [0.99525, 0.021465, -0.094961, 0.124994, 0.031174, -0.994299, 0.101966, -0.002831, -0.092231, -0.104442, -0.990245, -1.2e-05, 0.0, 0.0, 0.0, 1.0],
                [0.994643, 0.028257, -0.099446, 0.124994, 0.038169, -0.994332, 0.099226, -0.002831, -0.096079, -0.10249, -0.990083, -1.2e-05, 0.0, 0.0, 0.0, 1.0],
                [0.993933, 0.035441, -0.10413, 0.124994, 0.045497, -0.994356, 0.095844, -0.002831, -0.100145, -0.1, -0.989935, -1.2e-05, 0.0, 0.0, 0.0, 1.0],
                [0.993119, 0.042958, -0.108951, 0.124994, 0.05308, -0.994363, 0.091778, -0.002831, -0.104394, -0.09693, -0.989802, -1.2e-05, 0.0, 0.0, 0.0, 1.0],
                [0.992201, 0.050751, -0.113846, 0.124994, 0.060842, -0.994349, 0.086992, -0.002831, -0.108788, -0.09324, -0.989683, -1.2e-05, 0.0, 0.0, 0.0, 1.0],
                [0.991184, 0.058757, -0.118752, 0.124994, 0.068706, -0.994302, 0.081499, -0.002831, -0.113287, -0.08894, -0.989573, -1.2e-05, 0.0, 0.0, 0.0, 1.0],
                [0.990072, 0.06693, -0.1236, 0.124994, 0.076597, -0.994222, 0.075193, -0.002831, -0.117853, -0.083914, -0.98948, -1.2e-05, 0.0, 0.0, 0.0, 1.0],
                [0.988877, 0.075189, -0.128337, 0.124994, 0.084442, -0.994087, 0.068243, -0.002831, -0.122447, -0.078321, -0.98938, -1.2e-05, 0.0, 0.0, 0.0, 1.0],
                [0.987608, 0.083479, -0.132898, 0.124994, 0.092167, -0.993896, 0.060612, -0.002831, -0.127027, -0.07211, -0.989275, -1.2e-05, 0.0, 0.0, 0.0, 1.0],
                [0.986284, 0.091735, -0.137227, 0.124994, 0.099701, -0.993639, 0.052334, -0.002831, -0.131554, -0.065298, -0.989156, -1.2e-05, 0.0, 0.0, 0.0, 1.0],
                [0.984919, 0.099892, -0.14127, 0.124994, 0.106977, -0.993311, 0.043454, -0.002831, -0.135985, -0.057912, -0.989017, -1.2e-05, 0.0, 0.0, 0.0, 1.0],
                [0.983536, 0.107875, -0.144983, 0.124994, 0.113925, -0.992904, 0.03407, -0.002831, -0.140279, -0.050026, -0.988848, -1.2e-05, 0.0, 0.0, 0.0, 1.0],
                [0.982159, 0.115631, -0.148307, 0.124994, 0.120481, -0.992423, 0.024112, -0.002831, -0.144395, -0.04155, -0.988648, -1.2e-05, 0.0, 0.0, 0.0, 1.0],
                [0.98081, 0.123051, -0.151233, 0.124994, 0.126581, -0.991857, 0.013904, -0.002831, -0.14829, -0.032781, -0.9884, -1.2e-05, 0.0, 0.0, 0.0, 1.0],
                [0.979517, 0.130069, -0.153719, 0.124994, 0.132163, -0.991222, 0.003437, -0.002831, -0.151923, -0.023683, -0.988108, -1.2e-05, 0.0, 0.0, 0.0, 1.0],
                [0.978307, 0.136576, -0.15577, 0.124994, 0.137166, -0.990522, -0.007006, -0.002831, -0.155251, -0.014512, -0.987768, -1.2e-05, 0.0, 0.0, 0.0, 1.0],
                [0.977206, 0.142472, -0.157383, 0.124994, 0.141531, -0.989783, -0.01723, -0.002831, -0.15823, -0.005438, -0.987387, -1.2e-05, 0.0, 0.0, 0.0, 1.0],
                [0.976246, 0.147665, -0.158559, 0.124994, 0.1452, -0.989032, -0.027086, -0.002831, -0.160819, 0.00342, -0.986978, -1.2e-05, 0.0, 0.0, 0.0, 1.0],
                [0.97545, 0.151979, -0.159374, 0.124994, 0.148113, -0.988316, -0.035936, -0.002831, -0.162974, 0.011449, -0.986564, -1.2e-05, 0.0, 0.0, 0.0, 1.0],
                [0.974847, 0.155299, -0.159863, 0.124994, 0.150213, -0.987695, -0.043499, -0.002831, -0.164652, 0.018392, -0.98618, -1.2e-05, 0.0, 0.0, 0.0, 1.0],
                [0.974461, 0.157416, -0.160146, 0.124994, 0.151442, -0.987253, -0.04893, -0.002831, -0.165807, 0.023427, -0.98588, -1.2e-05, 0.0, 0.0, 0.0, 1.0],
                [0.974314, 0.15818, -0.160285, 0.124994, 0.151738, -0.987064, -0.051743, -0.002831, -0.166396, 0.026092, -0.985713, -1.2e-05, 0.0, 0.0, 0.0, 1.0],
                [0.974295, 0.158215, -0.160369, 0.124994, 0.151558, -0.987025, -0.053003, -0.002831, -0.166674, 0.027335, -0.985633, -1.2e-05, 0.0, 0.0, 0.0, 1.0],
                [0.974276, 0.158245, -0.160452, 0.124994, 0.151399, -0.98699, -0.05411, -0.002831, -0.166927, 0.028425, -0.98556, -1.2e-05, 0.0, 0.0, 0.0, 1.0],
                [0.974259, 0.158269, -0.160532, 0.124994, 0.151262, -0.986959, -0.055047, -0.002831, -0.167151, 0.029348, -0.985494, -1.2e-05, 0.0, 0.0, 0.0, 1.0],
                [0.974243, 0.158288, -0.160611, 0.124994, 0.15115, -0.986934, -0.055806, -0.002831, -0.167346, 0.030092, -0.985439, -1.2e-05, 0.0, 0.0, 0.0, 1.0],
                [0.974228, 0.158302, -0.160686, 0.124994, 0.151064, -0.986914, -0.056382, -0.002831, -0.167509, 0.030655, -0.985393, -1.2e-05, 0.0, 0.0, 0.0, 1.0],
                [0.974189, 0.158295, -0.16093, 0.124994, 0.150988, -0.986905, -0.056744, -0.002831, -0.167805, 0.030981, -0.985334, -1.2e-05, 0.0, 0.0, 0.0, 1.0],
                [0.974101, 0.158264, -0.161497, 0.124994, 0.150905, -0.986907, -0.056939, -0.002831, -0.168394, 0.031093, -0.985229, -1.2e-05, 0.0, 0.0, 0.0, 1.0],
                [0.973812, 0.130267, -0.186338, 0.124994, 0.156689, -0.978395, 0.134878, -0.002831, -0.164742, -0.160543, -0.973184, -1.2e-05, 0.0, 0.0, 0.0, 1.0],
                [0.973226, 0.113082, -0.200113, 0.124994, 0.169302, -0.94152, 0.291333, -0.002831, -0.155466, -0.317412, -0.935458, -1.2e-05, 0.0, 0.0, 0.0, 1.0],
                [0.972623, 0.117443, -0.20053, 0.124994, 0.179868, -0.92683, 0.329597, -0.002831, -0.147148, -0.356642, -0.92258, -1.2e-05, 0.0, 0.0, 0.0, 1.0],
                [0.972205, 0.134026, -0.191973, 0.124994, 0.185674, -0.940839, 0.283453, -0.002831, -0.142626, -0.311219, -0.939574, -1.2e-05, 0.0, 0.0, 0.0, 1.0],
                [0.971767, 0.150968, -0.18132, 0.124994, 0.191212, -0.954131, 0.230368, -0.002831, -0.138225, -0.258534, -0.956062, -1.2e-05, 0.0, 0.0, 0.0, 1.0],
                [0.971381, 0.162438, -0.1733, 0.124994, 0.196173, -0.960008, 0.199751, -0.002831, -0.133923, -0.228031, -0.964399, -1.2e-05, 0.0, 0.0, 0.0, 1.0],
                [0.971092, 0.162821, -0.174556, 0.124994, 0.200358, -0.953476, 0.225251, -0.002831, -0.12976, -0.253713, -0.958536, -1.2e-05, 0.0, 0.0, 0.0, 1.0],
                [0.970928, 0.146482, -0.189322, 0.124994, 0.203651, -0.921139, 0.331705, -0.002831, -0.125803, -0.360617, -0.92419, -1.2e-05, 0.0, 0.0, 0.0, 1.0],
