{
    "animation": [
        {
            "name": "Root",
            "time": [0.0, 0.0167, 0.0333, 0.05, 0.0667, 0.0833, 0.1, 0.1167, 0.1333, 0.15, 0.1667, 0.1833, 0.2, 0.2167, 0.2333, 0.25, 0.2667, 0.2833, 0.3, 0.3167, 0.3333, 0.35, 0.3667, 0.3833, 0.4, 0.4167, 0.4333, 0.45, 0.4667, 0.4833, 0.5, 0.5167, 0.5333, 0.55, 0.5667, 0.5833, 0.6, 0.6167, 0.6333, 0.65, 0.6667, 0.6833, 0.7, 0.7167, 0.7333, 0.75, 0.7667, 0.7833, 0.8, 0.8167, 0.8333, 0.85, 0.8667, 0.8833, 0.9, 0.9167, 0.9333, 0.95, 0.9667, 0.9833, 1.0, 1.0167, 1.0333, 1.05, 1.0667, 1.0833, 1.1, 1.1167, 1.1333, 1.15, 1.1667, 1.1833, 1.2, 1.2167, 1.2333, 1.25, 1.2667, 1.2833, 1.3],
            "transform": [
                [0.994801, -0.004369, -0.101749, 0.000795, -0.101768, -0.004339, -0.994799, 0.024047, 0.003904, 0.999981, -0.004761, 0.757389, 0.0, 0.0, 0.0, 1.0],
                [0.994801, -0.004376, -0.101749, 0.000795, -0.101768, -0.004476, -0.994798, 0.024047, 0.003897, 0.99998, -0.004898, 0.757389, 0.0, 0.0, 0.0, 1.0],
                [0.994801, -0.004396, -0.101748, 0.000795, -0.101769, -0.004875, -0.994796, 0.024047, 0.003877, 0.999978, -0.005297, 0.757389, 0.0, 0.0, 0.0, 1.0],
                [0.9948, -0.004429, -0.101747, 0.000795, -0.101771, -0.005522, -0.994793, 0.024047, 0.003844, 0.999975, -0.005944, 0.757389, 0.0, 0.0, 0.0, 1.0],
                [0.9948, -0.004474, -0.101745, 0.000795, -0.101773, -0.006402, -0.994787, 0.024047, 0.003799, 0.999969, -0.006824, 0.757389, 0.0, 0.0, 0.0, 1.0],
                [0.9948, -0.00453, -0.101744, 0.000795, -0.101776, -0.007499, -0.994779, 0.024047, 0.003743, 0.999962, -0.007921, 0.757389, 0.0, 0.0, 0.0, 1.0],
                [0.9948, -0.004597, -0.101742, 0.000795, -0.10178, -0.0088, -0.994768, 0.024047, 0.003677, 0.999951, -0.009222, 0.757389, 0.0, 0.0, 0.0, 1.0],
                [0.9948, -0.004673, -0.101741, 0.000795, -0.101784, -0.010287, -0.994753, 0.024047, 0.003602, 0.999936, -0.01071, 0.757389, 0.0, 0.0, 0.0, 1.0],
                [0.9948, -0.004758, -0.101739, 0.000795, -0.10179, -0.011948, -0.994734, 0.024047, 0.003517, 0.999917, -0.01237, 0.757389, 0.0, 0.0, 0.0, 1.0],
                [0.994799, -0.004851, -0.101738, 0.000795, -0.101796, -0.013766, -0.99471, 0.024047, 0.003425, 0.999893, -0.014188, 0.757389, 0.0, 0.0, 0.0, 1.0],
                [0.994799, -0.004952, -0.101738, 0.000795, -0.101804, -0.015727, -0.99468, 0.024047, 0.003326, 0.999864, -0.016149, 0.757389, 0.0, 0.0, 0.0, 1.0],
                [0.994798, -0.00506, -0.101738, 0.000795, -0.101813, -0.017815, -0.994644, 0.024047, 0.00322, 0.999829, -0.018238, 0.757389, 0.0, 0.0, 0.0, 1.0],
                [0.994798, -0.005173, -0.101738, 0.000795, -0.101822, -0.020016, -0.994601, 0.024047, 0.003109, 0.999786, -0.020439, 0.757389, 0.0, 0.0, 0.0, 1.0],
                [0.994797, -0.005292, -0.10174, 0.000795, -0.101833, -0.022314, -0.994551, 0.024047, 0.002992, 0.999737, -0.022737, 0.757389, 0.0, 0.0, 0.0, 1.0],
                [0.994796, -0.005415, -0.101742, 0.000795, -0.101845, -0.024695, -0.994494, 0.024047, 0.002872, 0.99968, -0.025118, 0.757389, 0.0, 0.0, 0.0, 1.0],
                [0.994795, -0.005541, -0.101745, 0.000795, -0.101859, -0.027143, -0.994428, 0.024047, 0.002749, 0.999616, -0.027566, 0.757389, 0.0, 0.0, 0.0, 1.0],
                [0.994794, -0.005671, -0.10175, 0.000795, -0.101874, -0.029644, -0.994355, 0.024047, 0.002623, 0.999544, -0.030067, 0.757389, 0.0, 0.0, 0.0, 1.0],
                [0.994792, -0.005803, -0.101755, 0.000795, -0.10189, -0.032181, -0.994275, 0.024047, 0.002495, 0.999465, -0.032605, 0.757389, 0.0, 0.0, 0.0, 1.0],
                [0.994791, -0.005936, -0.101762, 0.000795, -0.101908, -0.034741, -0.994187, 0.024047, 0.002366, 0.999379, -0.035165, 0.757389, 0.0, 0.0, 0.0, 1.0],
                [0.994789, -0.00607, -0.101771, 0.000795, -0.101927, -0.037309, -0.994092, 0.024047, 0.002237, 0.999285, -0.037733, 0.757389, 0.0, 0.0, 0.0, 1.0],
                [0.994787, -0.006204, -0.101782, 0.000795, -0.101949, -0.039868, -0.99399, 0.024047, 0.002109, 0.999186, -0.040293, 0.757389, 0.0, 0.0, 0.0, 1.0],
                [0.994785, -0.006338, -0.101794, 0.000795, -0.101972, -0.042405, -0.993883, 0.024047, 0.001982, 0.99908, -0.04283, 0.757389, 0.0, 0.0, 0.0, 1.0],
                [0.994783, -0.00647, -0.101809, 0.000795, -0.101997, -0.044903, -0.993771, 0.024047, 0.001858, 0.99897, -0.045329, 0.757389, 0.0, 0.0, 0.0, 1.0],
                [0.99478, -0.006599, -0.101826, 0.000795, -0.102025, -0.047349, -0.993654, 0.024047, 0.001736, 0.998857, -0.047776, 0.757389, 0.0, 0.0, 0.0, 1.0],
                [0.994778, -0.006726, -0.101845, 0.000795, -0.102054, -0.049728, -0.993535, 0.024047, 0.001618, 0.99874, -0.050154, 0.757389, 0.0, 0.0, 0.0, 1.0],
                [0.994774, -0.006849, -0.101867, 0.000795, -0.102086, -0.052023, -0.993414, 0.024047, 0.001504, 0.998622, -0.052451, 0.757389, 0.0, 0.0, 0.0, 1.0],
                [0.994771, -0.006967, -0.101892, 0.000795, -0.102121, -0.054221, -0.993293, 0.024047, 0.001396, 0.998505, -0.054649, 0.757389, 0.0, 0.0, 0.0, 1.0],
                [0.994767, -0.007081, -0.101921, 0.000795, -0.102158, -0.056306, -0.993173, 0.024047, 0.001294, 0.998388, -0.056735, 0.757389, 0.0, 0.0, 0.0, 1.0],
                [0.994763, -0.007188, -0.101952, 0.000795, -0.102199, -0.058264, -0.993056, 0.024047, 0.001198, 0.998275, -0.058694, 0.757389, 0.0, 0.0, 0.0, 1.0],
                [0.994759, -0.007289, -0.101988, 0.000795, -0.102242, -0.060079, -0.992944, 0.024047, 0.00111, 0.998167, -0.06051, 0.757389, 0.0, 0.0, 0.0, 1.0],
                [0.994754, -0.007383, -0.102027, 0.000795, -0.102288, -0.061737, -0.992837, 0.024047, 0.001031, 0.998065, -0.062168, 0.757389, 0.0, 0.0, 0.0, 1.0],
                [0.994749, -0.007468, -0.10207, 0.000795, -0.102338, -0.063223, -0.992738, 0.024047, 0.000961, 0.997972, -0.063655, 0.757389, 0.0, 0.0, 0.0, 1.0],
                [0.994744, -0.007544, -0.102117, 0.000795, -0.102392, -0.064521, -0.992649, 0.024047, 0.0009, 0.997888, -0.064954, 0.757389, 0.0, 0.0, 0.0, 1.0],
                [0.994738, -0.007611, -0.102169, 0.000795, -0.102449, -0.065617, -0.992572, 0.024047, 0.00085, 0.997816, -0.066051, 0.757389, 0.0, 0.0, 0.0, 1.0],
                [0.994732, -0.007667, -0.102226, 0.000795, -0.10251, -0.066496, -0.992507, 0.024047, 0.000812, 0.997757, -0.066932, 0.757389, 0.0, 0.0, 0.0, 1.0],
                [0.994725, -0.007713, -0.102288, 0.000795, -0.102575, -0.067143, -0.992457, 0.024047, 0.000787, 0.997714, -0.06758, 0.757389, 0.0, 0.0, 0.0, 1.0],
                [0.994718, -0.007746, -0.102355, 0.000795, -0.102645, -0.067543, -0.992422, 0.024047, 0.000774, 0.997686, -0.067982, 0.757389, 0.0, 0.0, 0.0, 1.0],
                [0.99471, -0.007767, -0.102427, 0.000795, -0.102718, -0.067682, -0.992405, 0.024047, 0.000775, 0.997677, -0.068121, 0.757389, 0.0, 0.0, 0.0, 1.0],
                [0.994648, -0.008708, -0.102957, 0.001433, -0.103245, -0.044658, -0.993653, 0.015717, 0.004054, 0.998964, -0.045318, 0.735913, 0.0, 0.0, 0.0, 1.0],
                [0.99451, -0.010569, -0.104106, 0.003052, -0.104053, 0.005455, -0.994557, -0.006247, 0.011079, 0.999929, 0.004325, 0.694374, 0.0, 0.0, 0.0, 1.0],
                [0.994365, -0.011992, -0.105333, 0.005208, -0.104544, 0.053942, -0.993056, -0.037306, 0.01759, 0.998472, 0.052385, 0.667112, 0.0, 0.0, 0.0, 1.0],
                [0.994247, -0.012725, -0.10635, 0.00753, -0.104774, 0.090629, -0.990358, -0.073611, 0.022241, 0.995803, 0.088774, 0.65874, 0.0, 0.0, 0.0, 1.0],
                [0.994134, -0.013372, -0.107329, 0.009934, -0.104846, 0.124576, -0.986655, -0.11406, 0.026564, 0.99212, 0.122444, 0.650965, 0.0, 0.0, 0.0, 1.0],
                [0.994024, -0.013941, -0.108268, 0.012407, -0.104794, 0.155869, -0.982203, -0.158242, 0.030568, 0.987679, 0.153476, 0.643766, 0.0, 0.0, 0.0, 1.0],
                [0.993919, -0.014439, -0.109162, 0.014937, -0.104646, 0.184605, -0.977226, -0.205743, 0.034262, 0.982707, 0.181971, 0.637121, 0.0, 0.0, 0.0, 1.0],
                [0.993819, -0.014874, -0.110008, 0.017511, -0.104427, 0.210897, -0.971914, -0.256152, 0.037657, 0.977395, 0.20804, 0.631007, 0.0, 0.0, 0.0, 1.0],
                [0.993725, -0.015253, -0.110807, 0.020116, -0.104159, 0.234863, -0.966432, -0.309056, 0.040765, 0.971909, 0.231801, 0.625402, 0.0, 0.0, 0.0, 1.0],
                [0.993636, -0.01558, -0.111556, 0.022741, -0.103859, 0.256626, -0.960914, -0.364041, 0.0436, 0.966385, 0.253375, 0.620284, 0.0, 0.0, 0.0, 1.0],
                [0.993553, -0.015863, -0.112257, 0.025372, -0.103543, 0.27631, -0.955474, -0.420697, 0.046175, 0.960938, 0.272886, 0.615632, 0.0, 0.0, 0.0, 1.0],
                [0.993475, -0.016106, -0.112908, 0.027997, -0.103223, 0.294038, -0.950203, -0.47861, 0.048504, 0.955658, 0.290456, 0.611421, 0.0, 0.0, 0.0, 1.0],
                [0.993403, -0.016314, -0.113511, 0.030603, -0.10291, 0.30993, -0.945173, -0.537368, 0.0506, 0.950619, 0.306207, 0.607632, 0.0, 0.0, 0.0, 1.0],
                [0.993336, -0.016492, -0.114067, 0.033178, -0.102611, 0.324106, -0.940439, -0.596558, 0.052479, 0.945877, 0.320254, 0.604241, 0.0, 0.0, 0.0, 1.0],
                [0.993275, -0.016642, -0.114576, 0.035709, -0.102333, 0.336679, -0.936042, -0.655768, 0.054153, 0.941472, 0.332712, 0.601227, 0.0, 0.0, 0.0, 1.0],
                [0.993219, -0.016768, -0.115041, 0.038185, -0.10208, 0.347762, -0.932009, -0.714586, 0.055635, 0.937433, 0.343692, 0.598566, 0.0, 0.0, 0.0, 1.0],
                [0.993168, -0.016873, -0.115462, 0.040591, -0.101854, 0.35746, -0.928358, -0.772598, 0.056938, 0.933776, 0.353299, 0.596238, 0.0, 0.0, 0.0, 1.0],
                [0.993123, -0.01696, -0.115842, 0.042916, -0.101658, 0.365877, -0.925094, -0.829392, 0.058074, 0.930509, 0.361637, 0.59422, 0.0, 0.0, 0.0, 1.0],
                [0.993082, -0.017032, -0.116182, 0.045147, -0.101492, 0.373113, -0.922218, -0.884557, 0.059056, 0.92763, 0.368803, 0.592489, 0.0, 0.0, 0.0, 1.0],
                [0.993046, -0.01709, -0.116483, 0.047272, -0.101356, 0.379264, -0.919721, -0.937679, 0.059896, 0.925131, 0.374894, 0.591024, 0.0, 0.0, 0.0, 1.0],
                [0.993014, -0.017135, -0.116749, 0.049278, -0.101247, 0.384424, -0.917588, -0.988345, 0.060604, 0.922998, 0.380003, 0.589803, 0.0, 0.0, 0.0, 1.0],
                [0.992986, -0.017171, -0.11698, 0.051152, -0.101165, 0.388683, -0.915801, -1.036144, 0.061193, 0.921212, 0.38422, 0.588803, 0.0, 0.0, 0.0, 1.0],
                [0.992962, -0.017198, -0.117178, 0.052882, -0.101108, 0.392132, -0.914336, -1.080663, 0.061674, 0.919748, 0.387633, 0.588002, 0.0, 0.0, 0.0, 1.0],
                [0.992942, -0.017218, -0.117346, 0.054456, -0.101071, 0.394856, -0.913167, -1.121489, 0.062058, 0.918582, 0.390329, 0.587379, 0.0, 0.0, 0.0, 1.0],
                [0.992925, -0.017232, -0.117485, 0.05586, -0.101052, 0.396943, -0.912263, -1.15821, 0.062355, 0.917681, 0.392394, 0.58691, 0.0, 0.0, 0.0, 1.0],
                [0.992912, -0.017241, -0.117597, 0.057083, -0.101047, 0.398479, -0.911594, -1.190413, 0.062577, 0.917016, 0.393912, 0.586574, 0.0, 0.0, 0.0, 1.0],
                [0.992901, -0.017246, -0.117684, 0.058112, -0.101052, 0.399546, -0.911126, -1.217686, 0.062734, 0.916551, 0.394967, 0.586349, 0.0, 0.0, 0.0, 1.0],
                [0.992894, -0.017249, -0.117748, 0.058934, -0.101063, 0.40023, -0.910825, -1.239617, 0.062837, 0.916252, 0.395642, 0.586213, 0.0, 0.0, 0.0, 1.0],
                [0.992888, -0.017249, -0.117792, 0.059536, -0.101076, 0.400615, -0.910654, -1.255792, 0.062897, 0.916084, 0.396022, 0.586143, 0.0, 0.0, 0.0, 1.0],
                [0.992885, -0.017249, -0.117817, 0.059907, -0.101088, 0.400783, -0.910579, -1.2658, 0.062925, 0.91601, 0.396188, 0.586117, 0.0, 0.0, 0.0, 1.0],
                [0.992885, -0.017249, -0.117825, 0.060034, -0.101092, 0.400821, -0.910562, -1.269228, 0.062932, 0.915994, 0.396225, 0.586113, 0.0, 0.0, 0.0, 1.0],
                [0.992885, -0.017249, -0.117825, 0.060034, -0.101092, 0.400821, -0.910562, -1.269228, 0.062932, 0.915994, 0.396225, 0.586113, 0.0, 0.0, 0.0, 1.0],
                [0.992885, -0.017249, -0.117825, 0.060034, -0.101092, 0.400821, -0.910562, -1.269228, 0.062932, 0.915994, 0.396225, 0.586113, 0.0, 0.0, 0.0, 1.0],
                [0.992885, -0.017249, -0.117825, 0.060034, -0.101092, 0.400821, -0.910562, -1.269228, 0.062932, 0.915994, 0.396225, 0.586113, 0.0, 0.0, 0.0, 1.0],
                [0.992885, -0.017249, -0.117825, 0.060034, -0.101092, 0.400821, -0.910562, -1.269228, 0.062932, 0.915994, 0.396225, 0.586113, 0.0, 0.0, 0.0, 1.0],
                [0.992885, -0.017249, -0.117825, 0.060034, -0.101092, 0.400821, -0.910562, -1.269228, 0.062932, 0.915994, 0.396225, 0.586113, 0.0, 0.0, 0.0, 1.0],
                [0.992885, -0.017249, -0.117825, 0.060034, -0.101092, 0.400821, -0.910562, -1.269228, 0.062932, 0.915994, 0.396225, 0.586113, 0.0, 0.0, 0.0, 1.0],
                [0.992885, -0.017249, -0.117825, 0.060034, -0.101092, 0.400821, -0.910562, -1.269228, 0.062932, 0.915994, 0.396225, 0.586113, 0.0, 0.0, 0.0, 1.0],
                [0.992885, -0.017249, -0.117825, 0.060034, -0.101092, 0.400821, -0.910562, -1.269228, 0.062932, 0.915994, 0.396225, 0.586113, 0.0, 0.0, 0.0, 1.0],
                [0.992885, -0.017249, -0.117825, 0.060034, -0.101092, 0.400821, -0.910562, -1.269228, 0.062932, 0.915994, 0.396225, 0.586113, 0.0, 0.0, 0.0, 1.0],
                [0.992885, -0.017249, -0.117825, 0.060034, -0.101092, 0.400821, -0.910562, -1.269228, 0.062932, 0.915994, 0.396225, 0.586113, 0.0, 0.0, 0.0, 1.0]
            ]
        },
        {
            "name": "Thigh_R",
            "time": [0.0, 0.0167, 0.0333, 0.05, 0.0667, 0.0833, 0.1, 0.1167, 0.1333, 0.15, 0.1667, 0.1833, 0.2, 0.2167, 0.2333, 0.25, 0.2667, 0.2833, 0.3, 0.3167, 0.3333, 0.35, 0.3667, 0.3833, 0.4, 0.4167, 0.4333, 0.45, 0.4667, 0.4833, 0.5, 0.5167, 0.5333, 0.55, 0.5667, 0.5833, 0.6, 0.6167, 0.6333, 0.65, 0.6667, 0.6833, 0.7, 0.7167, 0.7333, 0.75, 0.7667, 0.7833, 0.8, 0.8167, 0.8333, 0.85, 0.8667, 0.8833, 0.9, 0.9167, 0.9333, 0.95, 0.9667, 0.9833, 1.0, 1.0167, 1.0333, 1.05, 1.0667, 1.0833, 1.1, 1.1167, 1.1333, 1.15, 1.1667, 1.1833, 1.2, 1.2167, 1.2333, 1.25, 1.2667, 1.2833, 1.3],
            "transform": [
                [0.9973, -0.011978, -0.072458, 0.124994, -0.004064, -0.994099, 0.1084, -0.002831, -0.073329, -0.107813, -0.991463, -1.2e-05, 0.0, 0.0, 0.0, 1.0],
                [0.997281, -0.011478, -0.072796, 0.124994, -0.003529, -0.994101, 0.108393, -0.002831, -0.07361, -0.107842, -0.991439, -1.2e-05, 0.0, 0.0, 0.0, 1.0],
                [0.997225, -0.010022, -0.073778, 0.124994, -0.001973, -0.994108, 0.108365, -0.002831, -0.074429, -0.107918, -0.99137, -1.2e-05, 0.0, 0.0, 0.0, 1.0],
                [0.997127, -0.007684, -0.075361, 0.124994, 0.000529, -0.99411, 0.108363, -0.002831, -0.07575, -0.108092, -0.991251, -1.2e-05, 0.0, 0.0, 0.0, 1.0],
                [0.996983, -0.004515, -0.077502, 0.124994, 0.003902, -0.99413, 0.10811, -0.002831, -0.077535, -0.108086, -0.991113, -1.2e-05, 0.0, 0.0, 0.0, 1.0],
                [0.996782, -0.000586, -0.080157, 0.124994, 0.008072, -0.994156, 0.107636, -0.002831, -0.079752, -0.107937, -0.990953, -1.2e-05, 0.0, 0.0, 0.0, 1.0],
                [0.996518, 0.004038, -0.08328, 0.124994, 0.01296, -0.994188, 0.106874, -0.002831, -0.082365, -0.107581, -0.990779, -1.2e-05, 0.0, 0.0, 0.0, 1.0],
                [0.99618, 0.009295, -0.086823, 0.124994, 0.018492, -0.994223, 0.105724, -0.002831, -0.085339, -0.106925, -0.990598, -1.2e-05, 0.0, 0.0, 0.0, 1.0],
                [0.995761, 0.015125, -0.090735, 0.124994, 0.024589, -0.99426, 0.104112, -0.002831, -0.088639, -0.105901, -0.990418, -1.2e-05, 0.0, 0.0, 0.0, 1.0],
                [0.99525, 0.021465, -0.094961, 0.124994, 0.031174, -0.994299, 0.101963, -0.002831, -0.092231, -0.104439, -0.990245, -1.2e-05, 0.0, 0.0, 0.0, 1.0],
                [0.994642, 0.028257, -0.099446, 0.124994, 0.038169, -0.994332, 0.099223, -0.002831, -0.096079, -0.102487, -0.990083, -1.2e-05, 0.0, 0.0, 0.0, 1.0],
                [0.993932, 0.035441, -0.10413, 0.124994, 0.045497, -0.994356, 0.095839, -0.002831, -0.100145, -0.099995, -0.989936, -1.2e-05, 0.0, 0.0, 0.0, 1.0],
                [0.993119, 0.042958, -0.108951, 0.124994, 0.05308, -0.994363, 0.091773, -0.002831, -0.104394, -0.096925, -0.989802, -1.2e-05, 0.0, 0.0, 0.0, 1.0],
                [0.992201, 0.050751, -0.113846, 0.124994, 0.060842, -0.994349, 0.086989, -0.002831, -0.108788, -0.093237, -0.989683, -1.2e-05, 0.0, 0.0, 0.0, 1.0],
                [0.991184, 0.058757, -0.118752, 0.124994, 0.068706, -0.994302, 0.081495, -0.002831, -0.113287, -0.088935, -0.989574, -1.2e-05, 0.0, 0.0, 0.0, 1.0],
                [0.990072, 0.06693, -0.1236, 0.124994, 0.076597, -0.994223, 0.075186, -0.002831, -0.117853, -0.083907, -0.98948, -1.2e-05, 0.0, 0.0, 0.0, 1.0],
                [0.988877, 0.075189, -0.128337, 0.124994, 0.084442, -0.994088, 0.068239, -0.002831, -0.122447, -0.078317, -0.98938, -1.2e-05, 0.0, 0.0, 0.0, 1.0],
                [0.987608, 0.083479, -0.132898, 0.124994, 0.092167, -0.993896, 0.06061, -0.002831, -0.127027, -0.072108, -0.989275, -1.2e-05, 0.0, 0.0, 0.0, 1.0],
                [0.986283, 0.091736, -0.137227, 0.124994, 0.099701, -0.993639, 0.05233, -0.002831, -0.131554, -0.065294, -0.989156, -1.2e-05, 0.0, 0.0, 0.0, 1.0],
                [0.984919, 0.099893, -0.14127, 0.124994, 0.106977, -0.993311, 0.043451, -0.002831, -0.135985, -0.057908, -0.989017, -1.2e-05, 0.0, 0.0, 0.0, 1.0],
                [0.983536, 0.107876, -0.144983, 0.124994, 0.113925, -0.992904, 0.034065, -0.002831, -0.140279, -0.050021, -0.988848, -1.2e-05, 0.0, 0.0, 0.0, 1.0],
                [0.982159, 0.115632, -0.148306, 0.124994, 0.120481, -0.992423, 0.024105, -0.002831, -0.144395, -0.041543, -0.988648, -1.2e-05, 0.0, 0.0, 0.0, 1.0],
                [0.98081, 0.123051, -0.151232, 0.124994, 0.126581, -0.991857, 0.0139, -0.002831, -0.14829, -0.032776, -0.9884, -1.2e-05, 0.0, 0.0, 0.0, 1.0],
                [0.979517, 0.130069, -0.153719, 0.124994, 0.132163, -0.991221, 0.003434, -0.002831, -0.151923, -0.02368, -0.988108, -1.2e-05, 0.0, 0.0, 0.0, 1.0],
                [0.978306, 0.136577, -0.155769, 0.124994, 0.137166, -0.990522, -0.007011, -0.002831, -0.155251, -0.014508, -0.987768, -1.2e-05, 0.0, 0.0, 0.0, 1.0],
                [0.977206, 0.142473, -0.157382, 0.124994, 0.141531, -0.989783, -0.017237, -0.002831, -0.15823, -0.005431, -0.987387, -1.2e-05, 0.0, 0.0, 0.0, 1.0],
                [0.976246, 0.147666, -0.158558, 0.124994, 0.1452, -0.989031, -0.027094, -0.002831, -0.160819, 0.003428, -0.986978, -1.2e-05, 0.0, 0.0, 0.0, 1.0],
                [0.97545, 0.151981, -0.159373, 0.124994, 0.148113, -0.988316, -0.035947, -0.002831, -0.162974, 0.011459, -0.986564, -1.2e-05, 0.0, 0.0, 0.0, 1.0],
                [0.974847, 0.155301, -0.159862, 0.124994, 0.150213, -0.987694, -0.043508, -0.002831, -0.164652, 0.0184, -0.98618, -1.2e-05, 0.0, 0.0, 0.0, 1.0],
                [0.974461, 0.157418, -0.160144, 0.124994, 0.151442, -0.987252, -0.048942, -0.002831, -0.165807, 0.023439, -0.98588, -1.2e-05, 0.0, 0.0, 0.0, 1.0],
                [0.974314, 0.158182, -0.160283, 0.124994, 0.151738, -0.987064, -0.051753, -0.002831, -0.166396, 0.026102, -0.985713, -1.2e-05, 0.0, 0.0, 0.0, 1.0],
                [0.974295, 0.158217, -0.160367, 0.124994, 0.151558, -0.987025, -0.053014, -0.002831, -0.166674, 0.027346, -0.985633, -1.2e-05, 0.0, 0.0, 0.0, 1.0],
                [0.974276, 0.158247, -0.160449, 0.124994, 0.151399, -0.986989, -0.054124, -0.002831, -0.166927, 0.028439, -0.985559, -1.2e-05, 0.0, 0.0, 0.0, 1.0],
                [0.974259, 0.158271, -0.16053, 0.124994, 0.151262, -0.986958, -0.05506, -0.002831, -0.167151, 0.029361, -0.985494, -1.2e-05, 0.0, 0.0, 0.0, 1.0],
                [0.974243, 0.15829, -0.160609, 0.124994, 0.15115, -0.986933, -0.055817, -0.002831, -0.167346, 0.030103, -0.985439, -1.2e-05, 0.0, 0.0, 0.0, 1.0],
                [0.974228, 0.158302, -0.160686, 0.124994, 0.151064, -0.986914, -0.056383, -0.002831, -0.167509, 0.030656, -0.985393, -1.2e-05, 0.0, 0.0, 0.0, 1.0],
                [0.97419, 0.158297, -0.160928, 0.124994, 0.150988, -0.986904, -0.056755, -0.002831, -0.167805, 0.030992, -0.985333, -1.2e-05, 0.0, 0.0, 0.0, 1.0],
                [0.974101, 0.158265, -0.161496, 0.124994, 0.150905, -0.986906, -0.056947, -0.002831, -0.168394, 0.031101, -0.985229, -1.2e-05, 0.0, 0.0, 0.0, 1.0],
                [0.973812, 0.130267, -0.186338, 0.124994, 0.156689, -0.978395, 0.134877, -0.002831, -0.164742, -0.160542, -0.973184, -1.2e-05, 0.0, 0.0, 0.0, 1.0],
                [0.973226, 0.113082, -0.200112, 0.124994, 0.169302, -0.941521, 0.291332, -0.002831, -0.155466, -0.31741, -0.935458, -1.2e-05, 0.0, 0.0, 0.0, 1.0],
                [0.972623, 0.117443, -0.20053, 0.124994, 0.179868, -0.92683, 0.329596, -0.002831, -0.147148, -0.356641, -0.92258, -1.2e-05, 0.0, 0.0, 0.0, 1.0],
                [0.972205, 0.134026, -0.191973, 0.124994, 0.185674, -0.940839, 0.283453, -0.002831, -0.142626, -0.311219, -0.939575, -1.2e-05, 0.0, 0.0, 0.0, 1.0],
                [0.971767, 0.150968, -0.18132, 0.124994, 0.191212, -0.954131, 0.230368, -0.002831, -0.138225, -0.258534, -0.956062, -1.2e-05, 0.0, 0.0, 0.0, 1.0],
                [0.971381, 0.162438, -0.1733, 0.124994, 0.196173, -0.960007, 0.199751, -0.002831, -0.133923, -0.228031, -0.964399, -1.2e-05, 0.0, 0.0, 0.0, 1.0],
                [0.971092, 0.162821, -0.174556, 0.124994, 0.200358, -0.953476, 0.225251, -0.002831, -0.12976, -0.253713, -0.958536, -1.2e-05, 0.0, 0.0, 0.0, 1.0],
                [0.970928, 0.146482, -0.189322, 0.124994, 0.203651, -0.921139, 0.331705, -0.002831, -0.125803, -0.360617, -0.924191, -1.2e-05, 0.0, 0.0, 0.0, 1.0],
                [0.970765, 0.119168, -0.20836, 0.124994, 0.206603, -0.856723, 0.472588, -0.002831, -0.12219, -0.501819, -0.856298, -1.2e-05, 0.0, 0.0, 0.0, 1.0],
                [0.970462, 0.091041, -0.223419, 0.124994, 0.209872, -0.775319, 0.595679, -0.002831, -0.11899, -0.624972, -0.771525, -1.2e-05, 0.0, 0.0, 0.0, 1.0],
                [0.970001, 0.06282, -0.234847, 0.124994, 0.213548, -0.681834, 0.699643, -0.002831, -0.116175, -0.728804, -0.674794, -1.2e-05, 0.0, 0.0, 0.0, 1.0],
                [0.969364, 0.035421, -0.243065, 0.124994, 0.217726, -0.582012, 0.783491, -0.002831, -0.113714, -0.812408, -0.571893, -1.2e-05, 0.0, 0.0, 0.0, 1.0],
                [0.968528, 0.009874, -0.24871, 0.124994, 0.222497, -0.482261, 0.847301, -0.002831, -0.111576, -0.875971, -0.46928, -1.2e-05, 0.0, 0.0, 0.0, 1.0],
                [0.96747, -0.012798, -0.252664, 0.124994, 0.227954, -0.389068, 0.89256, -0.002831, -0.109727, -0.921119, -0.373494, -1.2e-05, 0.0, 0.0, 0.0, 1.0],
                [0.966159, -0.03168, -0.255996, 0.124994, 0.234191, -0.308294, 0.922014, -0.002831, -0.108131, -0.950763, -0.290441, -1.2e-05, 0.0, 0.0, 0.0, 1.0],
                [0.964563, -0.045985, -0.259817, 0.124994, 0.241294, -0.244675, 0.939102, -0.002831, -0.106755, -0.968513, -0.224908, -1.2e-05, 0.0, 0.0, 0.0, 1.0],
                [0.962644, -0.054954, -0.265134, 0.124994, 0.249343, -0.201845, 0.947147, -0.002831, -0.105565, -0.977874, -0.180602, -1.2e-05, 0.0, 0.0, 0.0, 1.0],
                [0.960365, -0.05757, -0.272738, 0.124994, 0.258407, -0.183035, 0.948538, -0.002831, -0.104528, -0.981419, -0.160904, -1.2e-05, 0.0, 0.0, 0.0, 1.0],
                [0.957683, -0.051892, -0.28311, 0.124994, 0.26853, -0.193001, 0.943738, -0.002831, -0.103613, -0.979824, -0.170899, -1.2e-05, 0.0, 0.0, 0.0, 1.0],
                [0.954561, -0.03258, -0.296231, 0.124994, 0.279728, -0.244903, 0.928318, -0.002831, -0.102793, -0.968999, -0.224661, -1.2e-05, 0.0, 0.0, 0.0, 1.0],
                [0.952935, -0.012488, -0.302919, 0.124994, 0.285289, -0.301182, 0.90989, -0.002831, -0.102596, -0.953484, -0.283444, -1.2e-05, 0.0, 0.0, 0.0, 1.0],
                [0.954636, -0.0332, -0.295919, 0.124994, 0.279171, -0.245981, 0.928201, -0.002831, -0.103607, -0.968705, -0.225554, -1.2e-05, 0.0, 0.0, 0.0, 1.0],
                [0.958614, -0.058555, -0.278625, 0.124994, 0.264407, -0.17986, 0.947491, -0.002831, -0.105594, -0.981947, -0.156934, -1.2e-05, 0.0, 0.0, 0.0, 1.0],
                [0.963449, -0.067375, -0.259282, 0.124994, 0.2451, -0.16897, 0.954659, -0.002831, -0.108131, -0.983314, -0.14628, -1.1e-05, 0.0, 0.0, 0.0, 1.0],
                [0.968087, -0.057095, -0.244022, 0.124994, 0.224784, -0.232711, 0.946213, -0.002831, -0.110811, -0.970868, -0.21245, -1.2e-05, 0.0, 0.0, 0.0, 1.0],
                [0.972009, -0.030407, -0.232969, 0.124994, 0.205797, -0.368175, 0.906694, -0.002831, -0.113343, -0.929258, -0.351611, -1.2e-05, 0.0, 0.0, 0.0, 1.0],
                [0.975074, 0.006421, -0.221789, 0.124994, 0.189415, -0.544676, 0.816975, -0.002831, -0.115558, -0.83862, -0.532317, -1.2e-05, 0.0, 0.0, 0.0, 1.0],
                [0.977329, 0.045015, -0.206891, 0.124994, 0.17623, -0.71456, 0.677014, -0.002831, -0.117361, -0.698124, -0.706292, -1.1e-05, 0.0, 0.0, 0.0, 1.0],
                [0.978871, 0.078213, -0.188929, 0.124994, 0.166498, -0.841234, 0.514397, -0.002831, -0.118701, -0.534984, -0.836482, -1.1e-05, 0.0, 0.0, 0.0, 1.0],
                [0.979786, 0.101255, -0.172532, 0.124994, 0.160405, -0.913001, 0.375098, -0.002831, -0.119541, -0.39519, -0.910788, -1.1e-05, 0.0, 0.0, 0.0, 1.0],
                [0.9801, 0.109954, -0.165277, 0.124994, 0.158259, -0.935405, 0.316183, -0.002831, -0.119835, -0.336047, -0.934191, -1.2e-05, 0.0, 0.0, 0.0, 1.0],
                [0.9801, 0.109954, -0.165276, 0.124994, 0.158259, -0.935405, 0.316183, -0.002831, -0.119835, -0.336047, -0.934191, -1.2e-05, 0.0, 0.0, 0.0, 1.0],
                [0.9801, 0.109954, -0.165277, 0.124994, 0.158259, -0.935405, 0.316183, -0.002831, -0.119835, -0.336047, -0.934191, -1.2e-05, 0.0, 0.0, 0.0, 1.0],
                [0.9801, 0.109954, -0.165277, 0.124994, 0.158259, -0.935405, 0.316183, -0.002831, -0.119835, -0.336047, -0.934191, -1.2e-05, 0.0, 0.0, 0.0, 1.0],
                [0.9801, 0.109954, -0.165277, 0.124994, 0.158259, -0.935405, 0.316183, -0.002831, -0.119835, -0.336047, -0.934191, -1.2e-05, 0.0, 0.0, 0.0, 1.0],
                [0.9801, 0.109954, -0.165277, 0.124994, 0.158259, -0.935405, 0.316183, -0.002831, -0.119835, -0.336047, -0.934191, -1.2e-05, 0.0, 0.0, 0.0, 1.0],
                [0.9801, 0.109954, -0.165277, 0.124994, 0.158259, -0.935405, 0.316183, -0.002831, -0.119835, -0.336047, -0.934191, -1.2e-05, 0.0, 0.0, 0.0, 1.0],
                [0.9801, 0.109954, -0.165277, 0.124994, 0.158259, -0.935405, 0.316183, -0.002831, -0.119835, -0.336047, -0.934191, -1.2e-05, 0.0, 0.0, 0.0, 1.0],
                [0.9801, 0.109954, -0.165277, 0.124994, 0.158259, -0.935405, 0.316183, -0.002831, -0.119835, -0.336047, -0.934191, -1.2e-05, 0.0, 0.0, 0.0, 1.0],
                [0.9801, 0.109954, -0.165277, 0.124994, 0.158259, -0.935405, 0.316183, -0.002831, -0.119835, -0.336047, -0.934191, -1.2e-05, 0.0, 0.0, 0.0, 1.0],
                [0.9801, 0.109954, -0.165277, 0.124994, 0.158259, -0.935405, 0.316183, -0.002831, -0.119835, -0.336047, -0.934191, -1.2e-05, 0.0, 0.0, 0.0, 1.0]
            ]
        },
        {
            "name": "Leg_R",
            "time": [0.0, 0.0167, 0.0333, 0.05, 0.0667, 0.0833, 0.1, 0.1167, 0.1333, 0.15, 0.1667, 0.1833, 0.2, 0.2167, 0.2333, 0.25, 0.2667, 0.2833, 0.3, 0.3167, 0.3333, 0.35, 0.3667, 0.3833, 0.4, 0.4167, 0.4333, 0.45, 0.4667, 0.4833, 0.5, 0.5167, 0.5333, 0.55, 0.5667, 0.5833, 0.6, 0.6167, 0.6333, 0.65, 0.6667, 0.6833, 0.7, 0.7167, 0.7333, 0.75, 0.7667, 0.7833, 0.8, 0.8167, 0.8333, 0.85, 0.8667, 0.8833, 0.9, 0.9167, 0.9333, 0.95, 0.9667, 0.9833, 1.0, 1.0167, 1.0333, 1.05, 1.0667, 1.0833, 1.1, 1.1167, 1.1333, 1.15, 1.1667, 1.1833, 1.2, 1.2167, 1.2333, 1.25, 1.2667, 1.2833, 1.3],
            "transform": [
                [1.000001, -0.0, 1e-06, 0.0, -0.0, 0.967919, 0.251283, 0.374726, -1e-06, -0.251286, 0.967908, 0.0, 0.0, 0.0, 0.0, 1.0],
                [1.0, -0.0, 1e-06, 0.0, -0.0, 0.96783, 0.251628, 0.374726, -1e-06, -0.251631, 0.967817, -0.0, 0.0, 0.0, 0.0, 1.0],
                [1.0, -0.0, 1e-06, 0.0, -0.0, 0.967571, 0.252622, 0.374726, -1e-06, -0.252625, 0.967558, -0.0, 0.0, 0.0, 0.0, 1.0],
                [1.0, -0.0, 1e-06, -0.0, -0.0, 0.967124, 0.254327, 0.374726, -1e-06, -0.254331, 0.967111, 0.0, 0.0, 0.0, 0.0, 1.0],
                [1.0, -0.0, 1e-06, 0.0, -0.0, 0.966637, 0.256175, 0.374726, -1e-06, -0.256178, 0.966624, 0.0, 0.0, 0.0, 0.0, 1.0],
                [1.000001, -0.0, 1e-06, -0.0, -0.0, 0.966097, 0.258202, 0.374726, -1e-06, -0.258205, 0.966084, 0.0, 0.0, 0.0, 0.0, 1.0],
                [1.0, -0.0, 1e-06, -0.0, -0.0, 0.965546, 0.260252, 0.374726, -1e-06, -0.260255, 0.965534, 0.0, 0.0, 0.0, 0.0, 1.0],
                [1.0, -0.0, 1e-06, -0.0, -0.0, 0.965043, 0.262112, 0.374726, -1e-06, -0.262115, 0.965031, -0.0, 0.0, 0.0, 0.0, 1.0],
                [1.000001, -0.0, 1e-06, 0.0, -0.0, 0.964634, 0.263616, 0.374726, -1e-06, -0.263619, 0.96462, 0.0, 0.0, 0.0, 0.0, 1.0],
                [1.0, -0.0, 1e-06, -0.0, -0.0, 0.964365, 0.264596, 0.374726, -1e-06, -0.264599, 0.964353, 0.0, 0.0, 0.0, 0.0, 1.0],
                [1.0, -0.0, 1e-06, 0.0, -0.0, 0.964276, 0.264919, 0.374726, -1e-06, -0.264922, 0.964264, -0.0, 0.0, 0.0, 0.0, 1.0],
                [1.0, -0.0, 1e-06, 0.0, -0.0, 0.964404, 0.264455, 0.374726, -1e-06, -0.264458, 0.964391, 0.0, 0.0, 0.0, 0.0, 1.0],
                [1.000001, -0.0, 1e-06, -0.0, -0.0, 0.964777, 0.263092, 0.374726, -1e-06, -0.263095, 0.964764, -0.0, 0.0, 0.0, 0.0, 1.0],
                [1.0, -0.0, 1e-06, 0.0, -0.0, 0.96542, 0.260723, 0.374726, -1e-06, -0.260726, 0.965407, 0.0, 0.0, 0.0, 0.0, 1.0],
                [1.0, -0.0, 1e-06, -0.0, -0.0, 0.966334, 0.257314, 0.374726, -1e-06, -0.257317, 0.966321, 0.0, 0.0, 0.0, 0.0, 1.0],
                [1.0, -0.0, 1e-06, -0.0, -0.0, 0.967574, 0.252612, 0.374726, -1e-06, -0.252615, 0.96756, 0.0, 0.0, 0.0, 0.0, 1.0],
                [1.000001, -0.0, 1e-06, 0.0, -0.0, 0.969049, 0.246896, 0.374726, -1e-06, -0.246899, 0.969035, -0.0, 0.0, 0.0, 0.0, 1.0],
                [1.0, -0.0, 1e-06, -0.0, -0.0, 0.970775, 0.240017, 0.374726, -1e-06, -0.24002, 0.970761, 0.0, 0.0, 0.0, 0.0, 1.0],
                [1.0, -0.0, 1e-06, -0.0, -0.0, 0.972731, 0.231964, 0.374726, -1e-06, -0.231967, 0.972717, 0.0, 0.0, 0.0, 0.0, 1.0],
                [1.0, -0.0, 1e-06, 0.0, -0.0, 0.974879, 0.222756, 0.374726, -1e-06, -0.222759, 0.974868, -0.0, 0.0, 0.0, 0.0, 1.0],
                [1.0, -0.0, 1e-06, -0.0, -0.0, 0.977168, 0.212497, 0.374726, -1e-06, -0.212499, 0.977154, -0.0, 0.0, 0.0, 0.0, 1.0],
                [1.0, -0.0, 1e-06, -0.0, -0.0, 0.979604, 0.200966, 0.374726, -1e-06, -0.200968, 0.979591, 0.0, 0.0, 0.0, 0.0, 1.0],
                [1.0, -0.0, 1e-06, 0.0, -0.0, 0.982037, 0.188723, 0.374726, -1e-06, -0.188726, 0.982022, -0.0, 0.0, 0.0, 0.0, 1.0],
                [1.000001, -0.0, 1e-06, -0.0, 0.0, 0.984458, 0.175654, 0.374726, -1e-06, -0.175656, 0.984445, 0.0, 0.0, 0.0, 0.0, 1.0],
                [1.0, -0.0, 1e-06, -0.0, -0.0, 0.986761, 0.162226, 0.374726, -1e-06, -0.162228, 0.986746, 0.0, 0.0, 0.0, 0.0, 1.0],
                [1.000001, -0.0, 1e-06, -0.0, -0.0, 0.988881, 0.148754, 0.374726, -1e-06, -0.148755, 0.988867, -0.0, 0.0, 0.0, 0.0, 1.0],
                [1.000001, -0.0, 1e-06, 0.0, -0.0, 0.990789, 0.135458, 0.374726, -1e-06, -0.13546, 0.990776, 0.0, 0.0, 0.0, 0.0, 1.0],
                [1.000001, -0.0, 1e-06, 0.0, -0.0, 0.992346, 0.123538, 0.374726, -1e-06, -0.12354, 0.992333, -0.0, 0.0, 0.0, 0.0, 1.0],
                [1.0, -0.0, 1e-06, -0.0, 0.0, 0.993545, 0.113507, 0.374726, -1e-06, -0.113508, 0.993529, 0.0, 0.0, 0.0, 0.0, 1.0],
                [1.0, -0.0, 1e-06, 0.0, -0.0, 0.994268, 0.106985, 0.374726, -1e-06, -0.106987, 0.994252, 0.0, 0.0, 0.0, 0.0, 1.0],
                [1.0, -0.0, 1e-06, -0.0, 0.0, 0.994487, 0.104915, 0.374726, -1e-06, -0.104916, 0.994474, 0.0, 0.0, 0.0, 0.0, 1.0],
                [1.000001, -0.0, 1e-06, 0.0, -0.0, 0.994442, 0.105348, 0.374726, -1e-06, -0.10535, 0.994428, -0.0, 0.0, 0.0, 0.0, 1.0],
                [1.0, -0.0, 1e-06, -0.0, -0.0, 0.994403, 0.105708, 0.374726, -1e-06, -0.105709, 0.99439, 0.0, 0.0, 0.0, 0.0, 1.0],
                [1.000001, -0.0, 1e-06, 0.0, -0.0, 0.994371, 0.106009, 0.374726, -1e-06, -0.10601, 0.994359, -0.0, 0.0, 0.0, 0.0, 1.0],
                [1.0, -0.0, 1e-06, 0.0, 0.0, 0.994347, 0.106233, 0.374726, -1e-06, -0.106234, 0.994334, 0.0, 0.0, 0.0, 0.0, 1.0],
                [1.0, -0.0, 1e-06, -0.0, 0.0, 0.994333, 0.106373, 0.374726, -1e-06, -0.106374, 0.994319, -0.0, 0.0, 0.0, 0.0, 1.0],
                [1.0, -0.0, 1e-06, -0.0, -0.0, 0.994324, 0.106456, 0.374726, -1e-06, -0.106457, 0.994311, 0.0, 0.0, 0.0, 0.0, 1.0],
                [1.000001, -0.0, 1e-06, 0.0, 0.0, 0.994322, 0.106476, 0.374726, -1e-06, -0.106477, 0.994309, 0.0, 0.0, 0.0, 0.0, 1.0],
                [1.000001, -0.0, 1e-06, -0.0, -0.0, 0.884068, 0.467365, 0.374726, -1e-06, -0.467371, 0.884057, 0.0, 0.0, 0.0, 0.0, 1.0],
                [1.0, -1e-06, 1e-06, 0.0, -0.0, 0.685968, 0.727632, 0.374726, -1e-06, -0.727641, 0.685958, 0.0, 0.0, 0.0, 0.0, 1.0],
                [1.0, -1e-06, 1e-06, -0.0, -0.0, 0.580944, 0.813941, 0.374726, -1e-06, -0.81395, 0.580937, 0.0, 0.0, 0.0, 0.0, 1.0],
                [1.0, -1e-06, 1e-06, 0.0, -0.0, 0.586919, 0.809643, 0.374726, -1e-06, -0.809652, 0.586912, 0.0, 0.0, 0.0, 0.0, 1.0],
                [1.0, -1e-06, 1e-06, 0.0, -0.0, 0.610347, 0.792133, 0.374726, -1e-06, -0.792141, 0.610339, 0.0, 0.0, 0.0, 0.0, 1.0],
                [1.000001, -1e-06, 1e-06, -0.0, -0.0, 0.627371, 0.778718, 0.374726, -1e-06, -0.778727, 0.627364, -0.0, 0.0, 0.0, 0.0, 1.0],
                [1.0, -1e-06, 1e-06, -0.0, -0.0, 0.606521, 0.795065, 0.374726, -1e-06, -0.795074, 0.606514, -0.0, 0.0, 0.0, 0.0, 1.0],
                [1.0, -1e-06, 1e-06, -0.0, -0.0, 0.52521, 0.85097, 0.374726, -1e-06, -0.850979, 0.525204, -0.0, 0.0, 0.0, 0.0, 1.0],
                [1.000001, -1e-06, 1e-06, -0.0, -0.0, 0.422248, 0.906476, 0.374726, -1e-06, -0.906486, 0.422243, 0.0, 0.0, 0.0, 0.0, 1.0],
                [1.000001, -1e-06, 1e-06, -0.0, -0.0, 0.339446, 0.940621, 0.374726, -1e-06, -0.940631, 0.339442, -0.0, 0.0, 0.0, 0.0, 1.0],
                [1.0, -1e-06, 0.0, -0.0, -0.0, 0.279327, 0.960191, 0.374726, -1e-06, -0.960201, 0.279323, 0.0, 0.0, 0.0, 0.0, 1.0],
                [1.000001, -1e-06, 0.0, -0.0, -0.0, 0.243821, 0.969816, 0.374726, -1e-06, -0.969826, 0.243818, -0.0, 0.0, 0.0, 0.0, 1.0],
                [1.000001, -1e-06, 0.0, 0.0, -0.0, 0.234236, 0.972174, 0.374726, -1e-06, -0.972185, 0.234233, 0.0, 0.0, 0.0, 0.0, 1.0],
                [1.0, -1e-06, 0.0, 0.0, -0.0, 0.251209, 0.967928, 0.374726, -1e-06, -0.967938, 0.251205, 0.0, 0.0, 0.0, 0.0, 1.0],
                [1.000001, -1e-06, 0.0, 0.0, -0.0, 0.294703, 0.955585, 0.374726, -1e-06, -0.955595, 0.294699, -0.0, 0.0, 0.0, 0.0, 1.0],
                [1.000001, -1e-06, 0.0, 0.0, -0.0, 0.363989, 0.931399, 0.374726, -1e-06, -0.931409, 0.363984, -0.0, 0.0, 0.0, 0.0, 1.0],
                [1.0, -1e-06, 1e-06, 0.0, -0.0, 0.457652, 0.889128, 0.374726, -1e-06, -0.889137, 0.457647, 0.0, 0.0, 0.0, 0.0, 1.0],
                [1.000001, -1e-06, 1e-06, -0.0, -0.0, 0.573615, 0.819123, 0.374726, -1e-06, -0.819132, 0.573608, -0.0, 0.0, 0.0, 0.0, 1.0],
                [1.0, -1e-06, 1e-06, -0.0, -0.0, 0.709161, 0.705046, 0.374726, -1e-06, -0.705054, 0.709152, -0.0, 0.0, 0.0, 0.0, 1.0],
                [1.0, -0.0, 1e-06, 0.0, -0.0, 0.860964, 0.508673, 0.374726, -1e-06, -0.508679, 0.860952, -0.0, 0.0, 0.0, 0.0, 1.0],
                [1.000001, -0.0, 1e-06, 0.0, 0.0, 0.940943, 0.338578, 0.374726, -1e-06, -0.338582, 0.940931, -0.0, 0.0, 0.0, 0.0, 1.0],
                [1.000001, -0.0, 1e-06, 0.0, -0.0, 0.873768, 0.486349, 0.374726, -1e-06, -0.486355, 0.873757, 0.0, 0.0, 0.0, 0.0, 1.0],
                [1.0, -1e-06, 1e-06, -0.0, -0.0, 0.706522, 0.707691, 0.374726, -1e-06, -0.707699, 0.706513, -0.0, 0.0, 0.0, 0.0, 1.0],
                [1.0, -1e-06, 1e-06, 0.0, -0.0, 0.506742, 0.862095, 0.374726, -1e-06, -0.862104, 0.506735, 0.0, 0.0, 0.0, 0.0, 1.0],
                [1.0, -1e-06, 1e-06, 0.0, -0.0, 0.33964, 0.940551, 0.374726, -1e-06, -0.940561, 0.339636, -0.0, 0.0, 0.0, 0.0, 1.0],
                [1.000001, -1e-06, 0.0, 0.0, -0.0, 0.252049, 0.96771, 0.374726, -1e-06, -0.96772, 0.252046, -0.0, 0.0, 0.0, 0.0, 1.0],
                [1.0, -1e-06, 0.0, 0.0, -0.0, 0.262735, 0.964863, 0.374726, -1e-06, -0.964873, 0.262733, -0.0, 0.0, 0.0, 0.0, 1.0],
                [1.000001, -1e-06, 1e-06, 0.0, -0.0, 0.3592, 0.933256, 0.374726, -1e-06, -0.933266, 0.359196, -0.0, 0.0, 0.0, 0.0, 1.0],
                [1.0, -1e-06, 1e-06, 0.0, -0.0, 0.500943, 0.865477, 0.374726, -1e-06, -0.865486, 0.500938, 0.0, 0.0, 0.0, 0.0, 1.0],
                [1.0, -1e-06, 1e-06, 0.0, -0.0, 0.62916, 0.777275, 0.374726, -1e-06, -0.777283, 0.629152, -0.0, 0.0, 0.0, 0.0, 1.0],
                [1.0, -1e-06, 1e-06, 0.0, -0.0, 0.682918, 0.730495, 0.374726, -1e-06, -0.730503, 0.68291, 0.0, 0.0, 0.0, 0.0, 1.0],
                [1.0, -1e-06, 1e-06, 0.0, -0.0, 0.682918, 0.730494, 0.374726, -1e-06, -0.730502, 0.68291, -0.0, 0.0, 0.0, 0.0, 1.0],
                [1.0, -1e-06, 1e-06, -0.0, -0.0, 0.682918, 0.730494, 0.374726, -1e-06, -0.730502, 0.68291, 0.0, 0.0, 0.0, 0.0, 1.0],
                [1.0, -1e-06, 1e-06, -0.0, -0.0, 0.682918, 0.730494, 0.374726, -1e-06, -0.730502, 0.68291, 0.0, 0.0, 0.0, 0.0, 1.0],
                [1.0, -1e-06, 1e-06, -0.0, -0.0, 0.682918, 0.730494, 0.374726, -1e-06, -0.730502, 0.68291, 0.0, 0.0, 0.0, 0.0, 1.0],
                [1.0, -1e-06, 1e-06, -0.0, -0.0, 0.682918, 0.730494, 0.374726, -1e-06, -0.730502, 0.68291, 0.0, 0.0, 0.0, 0.0, 1.0],
                [1.0, -1e-06, 1e-06, -0.0, -0.0, 0.682918, 0.730494, 0.374726, -1e-06, -0.730502, 0.68291, 0.0, 0.0, 0.0, 0.0, 1.0],
                [1.0, -1e-06, 1e-06, -0.0, -0.0, 0.682918, 0.730494, 0.374726, -1e-06, -0.730502, 0.68291, 0.0, 0.0, 0.0, 0.0, 1.0],
                [1.0, -1e-06, 1e-06, -0.0, -0.0, 0.682918, 0.730494, 0.374726, -1e-06, -0.730502, 0.68291, 0.0, 0.0, 0.0, 0.0, 1.0],
                [1.0, -1e-06, 1e-06, -0.0, -0.0, 0.682918, 0.730494, 0.374726, -1e-06, -0.730502, 0.68291, 0.0, 0.0, 0.0, 0.0, 1.0],
                [1.0, -1e-06, 1e-06, -0.0, -0.0, 0.682918, 0.730494, 0.374726, -1e-06, -0.730502, 0.68291, 0.0, 0.0, 0.0, 0.0, 1.0]
            ]
        },
        {
            "name": "Knee_R",
            "time": [0.0, 1.3],
            "transform": [
                [1.0, 0.0, -0.0, 0.0, -0.0, 0.00567, -0.999984, 0.374726, -0.0, 0.999984, 0.00567, 0.0, 0.0, 0.0, 0.0, 1.0],
                [1.0, 0.0, -0.0, 0.0, -0.0, 0.00567, -0.999984, 0.40457, -0.0, 0.999984, 0.00567, -0.000169, 0.0, 0.0, 0.0, 1.0]
            ]
        },
        {
            "name": "Thigh_L",
            "time": [0.0, 0.0167, 0.0333, 0.05, 0.0667, 0.0833, 0.1, 0.1167, 0.1333, 0.15, 0.1667, 0.1833, 0.2, 0.2167, 0.2333, 0.25, 0.2667, 0.2833, 0.3, 0.3167, 0.3333, 0.35, 0.3667, 0.3833, 0.4, 0.4167, 0.4333, 0.45, 0.4667, 0.4833, 0.5, 0.5167, 0.5333, 0.55, 0.5667, 0.5833, 0.6, 0.6167, 0.6333, 0.65, 0.6667, 0.6833, 0.7, 0.7167, 0.7333, 0.75, 0.7667, 0.7833, 0.8, 0.8167, 0.8333, 0.85, 0.8667, 0.8833, 0.9, 0.9167, 0.9333, 0.95, 0.9667, 0.9833, 1.0, 1.0167, 1.0333, 1.05, 1.0667, 1.0833, 1.1, 1.1167, 1.1333, 1.15, 1.1667, 1.1833, 1.2, 1.2167, 1.2333, 1.25, 1.2667, 1.2833, 1.3],
            "transform": [
                [0.997274, -0.010439, -0.073051, -0.125006, -0.004852, -0.997077, 0.076246, -0.002831, -0.073633, -0.075684, -0.994409, -1.2e-05, 0.0, 0.0, 0.0, 1.0],
                [0.997289, -0.010892, -0.072779, -0.125006, -0.00529, -0.997038, 0.076728, -0.002831, -0.073399, -0.076135, -0.994392, -1.2e-05, 0.0, 0.0, 0.0, 1.0],
                [0.997331, -0.012205, -0.071984, -0.125006, -0.006563, -0.996923, 0.078112, -0.002831, -0.072716, -0.077432, -0.994342, -1.2e-05, 0.0, 0.0, 0.0, 1.0],
