{
    "animation": [
        {
            "name": "Root",
            "time": [0.0, 0.0167, 0.0333, 0.05, 0.0667, 0.0833, 0.1, 0.1167, 0.1333, 0.15, 0.1667, 0.1833, 0.2, 0.2167, 0.2333, 0.25, 0.2667, 0.2833, 0.3, 0.3167, 0.3333, 0.35, 0.3667, 0.3833, 0.4, 0.4167, 0.4333, 0.45, 0.4667, 0.4833, 0.5, 0.5167, 0.5333, 0.55, 0.5667, 0.5833, 0.6, 0.6167, 0.6333, 0.65, 0.6667, 0.6833, 0.7, 0.7167],
            "transform": [
                [0.994801, -0.004369, -0.101749, 0.000795, -0.101768, -0.004339, -0.994799, 0.024047, 0.003904, 0.999981, -0.004761, 0.757389, 0.0, 0.0, 0.0, 1.0],
                [0.993974, -0.000755, -0.109614, 0.000795, -0.109612, -0.015713, -0.99385, 0.024047, -0.000971, 0.999876, -0.015701, 0.757389, 0.0, 0.0, 0.0, 1.0],
                [0.99132, 0.008623, -0.131186, 0.000795, -0.130647, -0.046806, -0.990323, 0.024047, -0.01468, 0.998867, -0.045273, 0.757389, 0.0, 0.0, 0.0, 1.0],
                [0.986315, 0.021251, -0.163498, 0.000795, -0.160872, -0.093104, -0.982574, 0.024047, -0.036103, 0.99543, -0.088411, 0.757389, 0.0, 0.0, 0.0, 1.0],
                [0.978492, 0.034566, -0.203367, 0.000795, -0.196118, -0.14979, -0.969072, 0.024047, -0.063959, 0.988113, -0.139789, 0.757389, 0.0, 0.0, 0.0, 1.0],
                [0.967847, 0.046402, -0.247222, 0.000795, -0.232349, -0.211599, -0.949337, 0.024047, -0.096363, 0.976255, -0.194014, 0.757389, 0.0, 0.0, 0.0, 1.0],
                [0.955063, 0.05536, -0.291187, 0.000795, -0.266043, -0.272999, -0.924496, 0.024047, -0.130674, 0.96042, -0.246003, 0.757389, 0.0, 0.0, 0.0, 1.0],
                [0.941534, 0.060995, -0.331352, 0.000795, -0.294524, -0.328598, -0.897373, 0.024047, -0.163617, 0.942498, -0.291422, 0.757389, 0.0, 0.0, 0.0, 1.0],
                [0.929197, 0.063759, -0.364044, 0.000795, -0.316057, -0.373498, -0.872128, 0.024047, -0.191575, 0.925437, -0.326902, 0.757389, 0.0, 0.0, 0.0, 1.0],
                [0.920253, 0.064673, -0.385942, 0.000795, -0.329635, -0.403393, -0.85359, 0.024047, -0.210891, 0.912739, -0.349905, 0.757389, 0.0, 0.0, 0.0, 1.0],
                [0.916848, 0.064816, -0.39394, 0.000795, -0.334421, -0.414274, -0.846486, 0.024047, -0.218065, 0.907841, -0.358151, 0.757389, 0.0, 0.0, 0.0, 1.0],
                [0.916848, 0.064816, -0.39394, 0.000795, -0.334421, -0.414274, -0.846486, 0.024047, -0.218065, 0.907841, -0.358151, 0.757389, 0.0, 0.0, 0.0, 1.0],
                [0.916848, 0.064816, -0.39394, 0.000795, -0.334421, -0.414274, -0.846486, 0.024047, -0.218065, 0.907841, -0.358151, 0.757389, 0.0, 0.0, 0.0, 1.0],
                [0.916848, 0.064816, -0.39394, 0.000795, -0.334421, -0.414274, -0.846486, 0.024047, -0.218065, 0.907841, -0.358151, 0.757389, 0.0, 0.0, 0.0, 1.0],
                [0.916848, 0.064816, -0.39394, 0.000795, -0.334421, -0.414274, -0.846486, 0.024047, -0.218065, 0.907841, -0.358151, 0.757389, 0.0, 0.0, 0.0, 1.0],
                [0.916848, 0.064816, -0.39394, 0.000795, -0.334421, -0.414274, -0.846486, 0.024047, -0.218065, 0.907841, -0.358151, 0.757389, 0.0, 0.0, 0.0, 1.0],
                [0.916848, 0.064816, -0.39394, 0.000786, -0.334421, -0.414274, -0.846486, 0.025423, -0.218065, 0.907841, -0.358151, 0.724339, 0.0, 0.0, 0.0, 1.0],
                [0.916848, 0.064816, -0.39394, 0.000724, -0.334421, -0.414274, -0.846486, 0.02938, -0.218065, 0.907841, -0.358151, 0.62932, 0.0, 0.0, 0.0, 1.0],
                [0.916848, 0.064816, -0.39394, 0.000555, -0.334421, -0.414274, -0.846486, 0.035659, -0.218065, 0.907841, -0.358151, 0.478528, 0.0, 0.0, 0.0, 1.0],
                [0.916848, 0.064816, -0.39394, 0.000226, -0.334421, -0.414274, -0.846486, 0.044002, -0.218065, 0.907841, -0.358151, 0.278161, 0.0, 0.0, 0.0, 1.0],
                [0.916848, 0.064816, -0.39394, -0.000317, -0.334421, -0.414274, -0.846486, 0.054151, -0.218065, 0.907841, -0.358151, 0.034416, 0.0, 0.0, 0.0, 1.0],
                [0.916848, 0.064816, -0.39394, -0.001126, -0.334421, -0.414274, -0.846486, 0.065849, -0.218065, 0.907841, -0.358151, -0.246511, 0.0, 0.0, 0.0, 1.0],
                [0.916848, 0.064816, -0.39394, -0.002256, -0.334421, -0.414274, -0.846486, 0.078837, -0.218065, 0.907841, -0.358151, -0.558422, 0.0, 0.0, 0.0, 1.0],
                [0.916848, 0.064816, -0.39394, -0.00376, -0.334421, -0.414274, -0.846486, 0.092857, -0.218065, 0.907841, -0.358151, -0.895121, 0.0, 0.0, 0.0, 1.0],
                [0.916848, 0.064816, -0.39394, -0.00569, -0.334421, -0.414274, -0.846486, 0.107652, -0.218065, 0.907841, -0.358151, -1.250411, 0.0, 0.0, 0.0, 1.0],
                [0.916848, 0.064816, -0.39394, -0.008101, -0.334421, -0.414274, -0.846486, 0.122962, -0.218065, 0.907841, -0.358151, -1.618095, 0.0, 0.0, 0.0, 1.0],
                [0.916848, 0.064816, -0.39394, -0.011045, -0.334421, -0.414274, -0.846486, 0.13853, -0.218065, 0.907841, -0.358151, -1.991976, 0.0, 0.0, 0.0, 1.0],
                [0.916848, 0.064816, -0.39394, -0.014577, -0.334421, -0.414274, -0.846486, 0.154099, -0.218065, 0.907841, -0.358151, -2.365856, 0.0, 0.0, 0.0, 1.0],
                [0.916848, 0.064816, -0.39394, -0.018749, -0.334421, -0.414274, -0.846486, 0.169409, -0.218065, 0.907841, -0.358151, -2.73354, 0.0, 0.0, 0.0, 1.0],
                [0.916848, 0.064816, -0.39394, -0.023615, -0.334421, -0.414274, -0.846486, 0.184203, -0.218065, 0.907841, -0.358151, -3.08883, 0.0, 0.0, 0.0, 1.0],
                [0.916848, 0.064816, -0.39394, -0.029229, -0.334421, -0.414274, -0.846486, 0.198223, -0.218065, 0.907841, -0.358151, -3.425529, 0.0, 0.0, 0.0, 1.0],
                [0.916848, 0.064816, -0.39394, -0.035642, -0.334421, -0.414274, -0.846486, 0.211211, -0.218065, 0.907841, -0.358151, -3.73744, 0.0, 0.0, 0.0, 1.0],
                [0.916848, 0.064816, -0.39394, -0.04291, -0.334421, -0.414274, -0.846486, 0.222909, -0.218065, 0.907841, -0.358151, -4.018367, 0.0, 0.0, 0.0, 1.0],
                [0.916848, 0.064816, -0.39394, -0.051086, -0.334421, -0.414274, -0.846486, 0.233058, -0.218065, 0.907841, -0.358151, -4.262113, 0.0, 0.0, 0.0, 1.0],
                [0.916848, 0.064816, -0.39394, -0.060222, -0.334421, -0.414274, -0.846486, 0.241402, -0.218065, 0.907841, -0.358151, -4.46248, 0.0, 0.0, 0.0, 1.0],
                [0.916848, 0.064816, -0.39394, -0.070372, -0.334421, -0.414274, -0.846486, 0.247681, -0.218065, 0.907841, -0.358151, -4.613271, 0.0, 0.0, 0.0, 1.0],
                [0.916848, 0.064816, -0.39394, -0.08159, -0.334421, -0.414274, -0.846486, 0.251637, -0.218065, 0.907841, -0.358151, -4.708291, 0.0, 0.0, 0.0, 1.0],
                [0.916848, 0.064816, -0.39394, -0.093929, -0.334421, -0.414274, -0.846486, 0.253013, -0.218065, 0.907841, -0.358151, -4.741341, 0.0, 0.0, 0.0, 1.0],
                [0.35572, -0.001562, -0.036383, -0.275275, -0.03639, -0.001552, -0.35572, -0.087124, 0.001396, 0.357573, -0.001703, -4.059443, 0.0, 0.0, 0.0, 1.0],
                [0.35572, -0.001562, -0.036383, -0.275275, -0.03639, -0.001552, -0.35572, -0.087124, 0.001396, 0.357573, -0.001703, -4.059443, 0.0, 0.0, 0.0, 1.0],
                [0.35572, -0.001562, -0.036383, -0.275275, -0.03639, -0.001552, -0.35572, -0.087124, 0.001396, 0.357573, -0.001703, -4.059443, 0.0, 0.0, 0.0, 1.0],
                [0.35572, -0.001562, -0.036383, -0.275275, -0.03639, -0.001552, -0.35572, -0.087124, 0.001396, 0.357573, -0.001703, -4.059443, 0.0, 0.0, 0.0, 1.0],
                [0.35572, -0.001562, -0.036383, -0.275275, -0.03639, -0.001552, -0.35572, -0.087124, 0.001396, 0.357573, -0.001703, -4.059443, 0.0, 0.0, 0.0, 1.0],
                [0.35572, -0.001562, -0.036383, -0.275275, -0.03639, -0.001552, -0.35572, -0.087124, 0.001396, 0.357573, -0.001703, -4.059443, 0.0, 0.0, 0.0, 1.0]
            ]
        },
        {
            "name": "Thigh_R",
            "time": [0.0, 0.0167, 0.0333, 0.05, 0.0667, 0.0833, 0.1, 0.1167, 0.1333, 0.15, 0.1667, 0.1833, 0.2, 0.2167, 0.2333, 0.25, 0.2667, 0.2833, 0.3, 0.3167, 0.3333, 0.35, 0.3667, 0.3833, 0.4, 0.4167, 0.4333, 0.45, 0.4667, 0.4833, 0.5, 0.5167, 0.5333, 0.55, 0.5667, 0.5833, 0.6, 0.6167, 0.6333, 0.65, 0.6667, 0.6833, 0.7, 0.7167],
            "transform": [
                [0.992411, 0.10788, -0.059018, 0.124994, 0.120286, -0.951349, 0.283664, -0.002831, -0.025545, -0.28861, -0.957106, -1.2e-05, 0.0, 0.0, 0.0, 1.0],
                [0.991602, 0.108533, -0.070324, 0.124994, 0.124681, -0.946714, 0.296961, -0.002831, -0.034347, -0.303235, -0.952297, -1.2e-05, 0.0, 0.0, 0.0, 1.0],
                [0.988952, 0.108616, -0.100882, 0.124994, 0.136226, -0.934263, 0.329536, -0.002831, -0.058458, -0.339637, -0.938738, -1.2e-05, 0.0, 0.0, 0.0, 1.0],
                [0.983826, 0.104581, -0.145434, 0.124994, 0.152171, -0.916278, 0.37051, -0.002831, -0.09451, -0.386647, -0.917372, -1.2e-05, 0.0, 0.0, 0.0, 1.0],
                [0.975647, 0.093553, -0.198398, 0.124994, 0.169725, -0.894942, 0.412639, -0.002831, -0.138951, -0.436263, -0.889026, -1.2e-05, 0.0, 0.0, 0.0, 1.0],
                [0.964334, 0.074379, -0.254022, 0.124994, 0.186443, -0.87209, 0.452434, -0.002831, -0.187878, -0.483658, -0.854854, -1.2e-05, 0.0, 0.0, 0.0, 1.0],
                [0.950562, 0.048008, -0.306802, 0.124994, 0.200558, -0.849199, 0.488503, -0.002831, -0.237084, -0.525883, -0.816845, -1.2e-05, 0.0, 0.0, 0.0, 1.0],
                [0.935806, 0.017548, -0.352078, 0.124994, 0.211153, -0.827666, 0.519983, -0.002831, -0.282278, -0.560945, -0.778241, -1.2e-05, 0.0, 0.0, 0.0, 1.0],
                [0.922203, -0.011975, -0.386523, 0.124994, 0.218137, -0.809209, 0.545524, -0.002831, -0.319311, -0.587398, -0.743643, -1.2e-05, 0.0, 0.0, 0.0, 1.0],
                [0.912251, -0.034279, -0.408196, 0.124994, 0.221973, -0.796138, 0.562931, -0.002831, -0.344277, -0.604142, -0.718669, -1.2e-05, 0.0, 0.0, 0.0, 1.0],
                [0.908442, -0.042956, -0.4158, 0.124994, 0.223202, -0.791185, 0.56939, -0.002831, -0.353434, -0.610064, -0.709158, -1.2e-05, 0.0, 0.0, 0.0, 1.0],
                [0.908441, -0.042956, -0.415799, 0.124994, 0.223202, -0.791186, 0.56939, -0.002831, -0.353433, -0.610064, -0.709158, -1.2e-05, 0.0, 0.0, 0.0, 1.0],
                [0.908442, -0.042956, -0.4158, 0.124994, 0.223202, -0.791186, 0.56939, -0.002831, -0.353433, -0.610064, -0.709159, -1.2e-05, 0.0, 0.0, 0.0, 1.0],
                [0.908442, -0.042956, -0.4158, 0.124994, 0.223202, -0.791186, 0.56939, -0.002831, -0.353434, -0.610064, -0.709159, -1.2e-05, 0.0, 0.0, 0.0, 1.0],
                [0.908442, -0.042956, -0.4158, 0.124994, 0.223202, -0.791186, 0.56939, -0.002831, -0.353433, -0.610064, -0.709159, -1.2e-05, 0.0, 0.0, 0.0, 1.0],
                [0.908442, -0.042956, -0.4158, 0.124994, 0.223202, -0.791186, 0.56939, -0.002831, -0.353434, -0.610064, -0.709159, -1.2e-05, 0.0, 0.0, 0.0, 1.0],
                [0.908442, -0.042956, -0.4158, 0.124994, 0.223202, -0.791186, 0.56939, -0.002831, -0.353434, -0.610063, -0.709158, -1.2e-05, 0.0, 0.0, 0.0, 1.0],
                [0.908442, -0.042956, -0.4158, 0.124994, 0.223202, -0.791186, 0.56939, -0.002831, -0.353434, -0.610064, -0.709159, -1.2e-05, 0.0, 0.0, 0.0, 1.0],
                [0.908441, -0.042957, -0.415801, 0.124994, 0.223202, -0.791186, 0.569391, -0.002831, -0.353435, -0.610064, -0.709158, -1.2e-05, 0.0, 0.0, 0.0, 1.0],
                [0.908441, -0.042957, -0.415801, 0.124994, 0.223202, -0.791186, 0.56939, -0.002831, -0.353435, -0.610064, -0.709158, -1.2e-05, 0.0, 0.0, 0.0, 1.0],
                [0.908441, -0.042957, -0.415802, 0.124994, 0.223202, -0.791186, 0.56939, -0.002831, -0.353436, -0.610064, -0.709158, -1.2e-05, 0.0, 0.0, 0.0, 1.0],
                [0.90844, -0.042958, -0.415802, 0.124994, 0.223202, -0.791186, 0.56939, -0.002831, -0.353437, -0.610063, -0.709157, -1.2e-05, 0.0, 0.0, 0.0, 1.0],
                [0.90844, -0.042958, -0.415803, 0.124994, 0.223202, -0.791186, 0.56939, -0.002831, -0.353437, -0.610063, -0.709157, -1.2e-05, 0.0, 0.0, 0.0, 1.0],
                [0.90844, -0.042958, -0.415804, 0.124994, 0.223203, -0.791187, 0.569389, -0.002831, -0.353438, -0.610063, -0.709157, -1.2e-05, 0.0, 0.0, 0.0, 1.0],
                [0.90844, -0.042958, -0.415804, 0.124994, 0.223203, -0.791187, 0.569388, -0.002831, -0.353439, -0.610062, -0.709158, -1.2e-05, 0.0, 0.0, 0.0, 1.0],
                [0.908439, -0.042959, -0.415805, 0.124994, 0.223203, -0.791187, 0.569389, -0.002831, -0.35344, -0.610063, -0.709156, -1.2e-05, 0.0, 0.0, 0.0, 1.0],
                [0.908439, -0.042959, -0.415806, 0.124994, 0.223203, -0.791187, 0.569388, -0.00283, -0.353441, -0.610062, -0.709157, -1.2e-05, 0.0, 0.0, 0.0, 1.0],
                [0.908439, -0.04296, -0.415806, 0.124994, 0.223203, -0.791187, 0.569389, -0.002831, -0.353441, -0.610062, -0.709156, -1.2e-05, 0.0, 0.0, 0.0, 1.0],
                [0.908438, -0.04296, -0.415807, 0.124994, 0.223203, -0.791187, 0.569388, -0.00283, -0.353442, -0.610062, -0.709157, -1.2e-05, 0.0, 0.0, 0.0, 1.0],
                [0.908439, -0.04296, -0.415806, 0.124994, 0.223203, -0.791187, 0.569388, -0.002831, -0.353442, -0.610062, -0.709156, -1.2e-05, 0.0, 0.0, 0.0, 1.0],
                [0.908439, -0.04296, -0.415807, 0.124994, 0.223203, -0.791187, 0.569389, -0.002831, -0.353442, -0.610063, -0.709156, -1.2e-05, 0.0, 0.0, 0.0, 1.0],
                [0.908439, -0.04296, -0.415807, 0.124994, 0.223202, -0.791187, 0.569388, -0.002831, -0.353442, -0.610062, -0.709156, -1.2e-05, 0.0, 0.0, 0.0, 1.0],
                [0.908439, -0.04296, -0.415806, 0.124994, 0.223203, -0.791187, 0.569389, -0.002831, -0.353441, -0.610062, -0.709156, -1.2e-05, 0.0, 0.0, 0.0, 1.0],
                [0.908439, -0.042959, -0.415806, 0.124994, 0.223203, -0.791187, 0.569388, -0.00283, -0.353441, -0.610062, -0.709157, -1.2e-05, 0.0, 0.0, 0.0, 1.0],
                [0.908439, -0.042959, -0.415805, 0.124994, 0.223203, -0.791187, 0.569389, -0.002832, -0.353439, -0.610063, -0.709157, -1.2e-05, 0.0, 0.0, 0.0, 1.0],
                [0.90844, -0.042958, -0.415803, 0.124994, 0.223203, -0.791186, 0.569389, -0.00283, -0.353438, -0.610063, -0.709157, -1.2e-05, 0.0, 0.0, 0.0, 1.0],
                [0.908441, -0.042957, -0.415802, 0.124994, 0.223202, -0.791186, 0.56939, -0.002832, -0.353436, -0.610063, -0.709158, -1.2e-05, 0.0, 0.0, 0.0, 1.0],
                [0.908442, -0.042956, -0.4158, 0.124994, 0.223202, -0.791186, 0.56939, -0.002831, -0.353434, -0.610064, -0.709158, -1.2e-05, 0.0, 0.0, 0.0, 1.0],
                [0.997823, 0.049436, 0.043666, 0.124994, 0.041979, -0.986592, 0.157708, -0.002828, 0.050877, -0.155531, -0.98652, -1.2e-05, 0.0, 0.0, 0.0, 1.0],
                [0.997823, 0.049436, 0.043666, 0.124994, 0.041979, -0.986592, 0.157708, -0.002827, 0.050877, -0.155531, -0.98652, -1.2e-05, 0.0, 0.0, 0.0, 1.0],
                [0.997823, 0.049436, 0.043666, 0.124994, 0.041979, -0.986592, 0.157708, -0.002827, 0.050877, -0.155531, -0.98652, -1.2e-05, 0.0, 0.0, 0.0, 1.0],
                [0.997823, 0.049436, 0.043666, 0.124994, 0.041979, -0.986592, 0.157708, -0.002827, 0.050877, -0.155531, -0.98652, -1.2e-05, 0.0, 0.0, 0.0, 1.0],
                [0.997823, 0.049436, 0.043666, 0.124994, 0.041979, -0.986592, 0.157708, -0.002827, 0.050877, -0.155531, -0.98652, -1.2e-05, 0.0, 0.0, 0.0, 1.0],
                [0.997823, 0.049436, 0.043666, 0.124994, 0.041979, -0.986592, 0.157708, -0.002827, 0.050877, -0.155531, -0.98652, -1.2e-05, 0.0, 0.0, 0.0, 1.0]
            ]
        },
        {
            "name": "Leg_R",
            "time": [0.0, 0.0167, 0.0333, 0.05, 0.0667, 0.0833, 0.1, 0.1167, 0.1333, 0.15, 0.1667, 0.1833, 0.2, 0.2167, 0.2333, 0.25, 0.2667, 0.2833, 0.3, 0.3167, 0.3333, 0.35, 0.3667, 0.3833, 0.4, 0.4167, 0.4333, 0.45, 0.4667, 0.4833, 0.5, 0.5167, 0.5333, 0.55, 0.5667, 0.5833, 0.6, 0.6167, 0.6333, 0.65, 0.6667, 0.6833, 0.7, 0.7167],
            "transform": [
                [1.0, -1e-06, 1e-06, -0.0, -0.0, 0.6247, 0.780863, 0.374726, -1e-06, -0.780871, 0.624693, 0.0, 0.0, 0.0, 0.0, 1.0],
                [1.000001, -1e-06, 1e-06, 0.0, -0.0, 0.594181, 0.804329, 0.374726, -1e-06, -0.804338, 0.594173, -0.0, 0.0, 0.0, 0.0, 1.0],
                [1.000001, -1e-06, 1e-06, -0.0, -0.0, 0.513174, 0.858282, 0.374726, -1e-06, -0.858291, 0.513168, 0.0, 0.0, 0.0, 0.0, 1.0],
                [1.000001, -1e-06, 1e-06, -0.0, -0.0, 0.398727, 0.917066, 0.374726, -1e-06, -0.917075, 0.398723, -0.0, 0.0, 0.0, 0.0, 1.0],
                [1.0, -1e-06, 0.0, -0.0, -0.0, 0.267767, 0.963479, 0.374726, -1e-06, -0.963489, 0.267764, 0.0, 0.0, 0.0, 0.0, 1.0],
                [1.0, -1e-06, 0.0, 0.0, -0.0, 0.135376, 0.990789, 0.374726, -1e-06, -0.990799, 0.135375, 0.0, 0.0, 0.0, 0.0, 1.0],
                [1.0, -1e-06, 0.0, 0.0, -0.0, 0.013671, 0.999901, 0.374726, -1e-06, -0.999912, 0.01367, -0.0, 0.0, 0.0, 0.0, 1.0],
                [1.000001, -1e-06, 0.0, -0.0, -0.0, -0.088666, 0.996057, 0.374726, -1e-06, -0.996067, -0.088664, 0.0, 0.0, 0.0, 0.0, 1.0],
                [1.000001, -1e-06, 0.0, 0.0, -0.0, -0.166079, 0.986107, 0.374726, -1e-06, -0.986118, -0.166077, -0.0, 0.0, 0.0, 0.0, 1.0],
                [1.000001, -1e-06, 0.0, -0.0, -0.0, -0.215073, 0.976593, 0.374726, -1e-06, -0.976603, -0.21507, 0.0, 0.0, 0.0, 0.0, 1.0],
                [1.000001, -1e-06, 0.0, 0.0, -0.0, -0.232403, 0.972615, 0.374726, -1e-06, -0.972625, -0.2324, 0.0, 0.0, 0.0, 0.0, 1.0],
                [1.000001, -1e-06, 0.0, 0.0, -0.0, -0.232404, 0.972614, 0.374726, -1e-06, -0.972625, -0.232401, 0.0, 0.0, 0.0, 0.0, 1.0],
                [1.000001, -1e-06, 0.0, -0.0, -0.0, -0.232404, 0.972615, 0.374726, -1e-06, -0.972625, -0.2324, 0.0, 0.0, 0.0, 0.0, 1.0],
                [1.000001, -1e-06, 0.0, 0.0, -0.0, -0.232404, 0.972615, 0.374726, -1e-06, -0.972625, -0.2324, 0.0, 0.0, 0.0, 0.0, 1.0],
                [1.000001, -1e-06, 0.0, -0.0, -0.0, -0.232404, 0.972615, 0.374726, -1e-06, -0.972625, -0.2324, 0.0, 0.0, 0.0, 0.0, 1.0],
                [1.000001, -1e-06, 0.0, 0.0, -0.0, -0.232404, 0.972615, 0.374726, -1e-06, -0.972625, -0.2324, 0.0, 0.0, 0.0, 0.0, 1.0],
                [1.000001, -1e-06, 0.0, 0.0, -0.0, -0.232403, 0.972614, 0.374726, -1e-06, -0.972625, -0.2324, 0.0, 0.0, 0.0, 0.0, 1.0],
                [1.0, -1e-06, 0.0, 0.0, -0.0, -0.232403, 0.972614, 0.374726, -1e-06, -0.972624, -0.2324, -0.0, 0.0, 0.0, 0.0, 1.0],
                [1.000001, -1e-06, 0.0, 0.0, -0.0, -0.232404, 0.972615, 0.374726, -1e-06, -0.972625, -0.2324, -0.0, 0.0, 0.0, 0.0, 1.0],
                [1.000001, -1e-06, 0.0, 0.0, -0.0, -0.232403, 0.972614, 0.374726, -1e-06, -0.972625, -0.232401, -0.0, 0.0, 0.0, 0.0, 1.0],
                [1.000001, -1e-06, 0.0, -0.0, -0.0, -0.232404, 0.972614, 0.374726, -1e-06, -0.972625, -0.232401, -0.0, 0.0, 0.0, 0.0, 1.0],
                [1.000001, -1e-06, 0.0, -0.0, -0.0, -0.232404, 0.972614, 0.374726, -1e-06, -0.972624, -0.232401, -0.0, 0.0, 0.0, 0.0, 1.0],
                [1.000001, -1e-06, 0.0, 0.0, -0.0, -0.232404, 0.972614, 0.374726, -1e-06, -0.972625, -0.2324, 0.0, 0.0, 0.0, 0.0, 1.0],
                [1.0, -1e-06, 0.0, -0.0, -0.0, -0.232403, 0.972614, 0.374726, -1e-06, -0.972625, -0.2324, 0.0, 0.0, 0.0, 0.0, 1.0],
                [1.0, -1e-06, 0.0, 0.0, -0.0, -0.232401, 0.972615, 0.374726, -1e-06, -0.972624, -0.232398, 0.0, 0.0, 0.0, 0.0, 1.0],
                [1.0, -1e-06, -0.0, -0.0, -0.0, -0.232404, 0.972614, 0.374726, -1e-06, -0.972625, -0.232401, 0.0, 0.0, 0.0, 0.0, 1.0],
                [1.000001, -1e-06, 0.0, -0.0, -0.0, -0.232402, 0.972615, 0.374726, -1e-06, -0.972625, -0.232399, 0.0, 0.0, 0.0, 0.0, 1.0],
                [1.000001, -1e-06, 0.0, -0.0, -0.0, -0.232403, 0.972615, 0.374726, -1e-06, -0.972625, -0.2324, -0.0, 0.0, 0.0, 0.0, 1.0],
                [1.000001, -1e-06, 0.0, -0.0, -0.0, -0.232401, 0.972615, 0.374726, -1e-06, -0.972625, -0.232398, -0.0, 0.0, 0.0, 0.0, 1.0],
                [1.000001, -1e-06, 0.0, -0.0, -0.0, -0.232403, 0.972615, 0.374726, -1e-06, -0.972624, -0.2324, 0.0, 0.0, 0.0, 0.0, 1.0],
                [1.0, -1e-06, 0.0, -0.0, -0.0, -0.232404, 0.972614, 0.374726, -1e-06, -0.972624, -0.232402, 0.0, 0.0, 0.0, 0.0, 1.0],
                [1.000001, -1e-06, 0.0, -0.0, -0.0, -0.232403, 0.972614, 0.374726, -1e-06, -0.972625, -0.2324, 0.0, 0.0, 0.0, 0.0, 1.0],
                [1.0, -1e-06, 0.0, -0.0, -0.0, -0.232403, 0.972614, 0.374726, -1e-06, -0.972625, -0.2324, 0.0, 0.0, 0.0, 0.0, 1.0],
                [1.000001, -1e-06, 0.0, 0.0, -0.0, -0.232401, 0.972615, 0.374726, -1e-06, -0.972625, -0.232398, 0.0, 0.0, 0.0, 0.0, 1.0],
                [1.000001, -1e-06, 0.0, 0.0, -0.0, -0.232403, 0.972614, 0.374726, -1e-06, -0.972625, -0.2324, -0.0, 0.0, 0.0, 0.0, 1.0],
                [1.000001, -1e-06, 0.0, -0.0, -0.0, -0.232404, 0.972615, 0.374726, -1e-06, -0.972625, -0.232401, -0.0, 0.0, 0.0, 0.0, 1.0],
                [1.000001, -1e-06, 0.0, 0.0, -0.0, -0.232405, 0.972614, 0.374727, -1e-06, -0.972624, -0.232402, -0.0, 0.0, 0.0, 0.0, 1.0],
                [1.000001, -1e-06, 0.0, 0.0, -0.0, -0.232405, 0.972614, 0.374726, -1e-06, -0.972624, -0.232402, -0.0, 0.0, 0.0, 0.0, 1.0],
                [1.0, -0.0, 1e-06, -0.0, -0.0, 0.929294, 0.369352, 0.374726, -1e-06, -0.369356, 0.929283, -0.0, 0.0, 0.0, 0.0, 1.0],
                [1.0, -0.0, 1e-06, -0.0, -0.0, 0.929294, 0.369352, 0.374724, -1e-06, -0.369356, 0.929283, -0.0, 0.0, 0.0, 0.0, 1.0],
                [1.0, -0.0, 1e-06, -0.0, -0.0, 0.929294, 0.369352, 0.374724, -1e-06, -0.369356, 0.929283, 0.0, 0.0, 0.0, 0.0, 1.0],
                [1.0, -0.0, 1e-06, -0.0, -0.0, 0.929294, 0.369352, 0.374724, -1e-06, -0.369356, 0.929283, 0.0, 0.0, 0.0, 0.0, 1.0],
                [1.0, -0.0, 1e-06, -0.0, -0.0, 0.929294, 0.369352, 0.374724, -1e-06, -0.369356, 0.929283, 0.0, 0.0, 0.0, 0.0, 1.0],
                [1.0, -0.0, 1e-06, -0.0, -0.0, 0.929294, 0.369352, 0.374724, -1e-06, -0.369356, 0.929283, 0.0, 0.0, 0.0, 0.0, 1.0]
            ]
        },
        {
            "name": "Knee_R",
            "time": [0.0, 0.7167],
            "transform": [
                [1.0, 0.0, -0.0, 0.0, -0.0, 0.00567, -0.999984, 0.412658, -0.0, 0.999984, 0.00567, -0.000215, 0.0, 0.0, 0.0, 1.0],
                [1.0, 0.0, -0.0, -0.0, -0.0, 0.00567, -0.999984, 0.374726, -0.0, 0.999984, 0.00567, 0.0, 0.0, 0.0, 0.0, 1.0]
            ]
        },
        {
            "name": "Thigh_L",
            "time": [0.0, 0.0167, 0.0333, 0.05, 0.0667, 0.0833, 0.1, 0.1167, 0.1333, 0.15, 0.1667, 0.1833, 0.2, 0.2167, 0.2333, 0.25, 0.2667, 0.2833, 0.3, 0.3167, 0.3333, 0.35, 0.3667, 0.3833, 0.4, 0.4167, 0.4333, 0.45, 0.4667, 0.4833, 0.5, 0.5167, 0.5333, 0.55, 0.5667, 0.5833, 0.6, 0.6167, 0.6333, 0.65, 0.6667, 0.6833, 0.7, 0.7167],
            "transform": [
                [0.966506, -0.246448, -0.071623, -0.125006, -0.164011, -0.807768, 0.566227, -0.002831, -0.1974, -0.535514, -0.821131, -1.2e-05, 0.0, 0.0, 0.0, 1.0],
                [0.965799, -0.246715, -0.07977, -0.125006, -0.162472, -0.815584, 0.555362, -0.002831, -0.202075, -0.523408, -0.827774, -1.2e-05, 0.0, 0.0, 0.0, 1.0],
                [0.963685, -0.246435, -0.102864, -0.125006, -0.158443, -0.83773, 0.522594, -0.002831, -0.214958, -0.487318, -0.846353, -1.2e-05, 0.0, 0.0, 0.0, 1.0],
                [0.960033, -0.242854, -0.139137, -0.125006, -0.152982, -0.871595, 0.465745, -0.002831, -0.234379, -0.425845, -0.873911, -1.2e-05, 0.0, 0.0, 0.0, 1.0],
                [0.954726, -0.232331, -0.185797, -0.125006, -0.147268, -0.911772, 0.383386, -0.002831, -0.258477, -0.338667, -0.904706, -1.2e-05, 0.0, 0.0, 0.0, 1.0],
                [0.947877, -0.211749, -0.2381, -0.125006, -0.142374, -0.949962, 0.278034, -0.002831, -0.285059, -0.229643, -0.930594, -1.2e-05, 0.0, 0.0, 0.0, 1.0],
                [0.939961, -0.180463, -0.289666, -0.125006, -0.138994, -0.977604, 0.15802, -0.002831, -0.311696, -0.108271, -0.943992, -1.2e-05, 0.0, 0.0, 0.0, 1.0],
                [0.931819, -0.141781, -0.334083, -0.125006, -0.13728, -0.989835, 0.037176, -0.002831, -0.335958, 0.011221, -0.941809, -1.2e-05, 0.0, 0.0, 0.0, 1.0],
                [0.924553, -0.102862, -0.366909, -0.125006, -0.136875, -0.988262, -0.067847, -0.002831, -0.355623, 0.112948, -0.927779, -1.2e-05, 0.0, 0.0, 0.0, 1.0],
                [0.919362, -0.07301, -0.386578, -0.125006, -0.13711, -0.980484, -0.140899, -0.002831, -0.368746, 0.182541, -0.91143, -1.2e-05, 0.0, 0.0, 0.0, 1.0],
                [0.917402, -0.061352, -0.393205, -0.125006, -0.137298, -0.976175, -0.168022, -0.002831, -0.373528, 0.20813, -0.903968, -1.2e-05, 0.0, 0.0, 0.0, 1.0],
                [0.917401, -0.061352, -0.393205, -0.125006, -0.137298, -0.976175, -0.168022, -0.002831, -0.373528, 0.20813, -0.903968, -1.2e-05, 0.0, 0.0, 0.0, 1.0],
                [0.917402, -0.061352, -0.393205, -0.125006, -0.137298, -0.976175, -0.168022, -0.002831, -0.373528, 0.20813, -0.903968, -1.2e-05, 0.0, 0.0, 0.0, 1.0],
                [0.917402, -0.061352, -0.393205, -0.125006, -0.137298, -0.976175, -0.168022, -0.002831, -0.373528, 0.20813, -0.903968, -1.2e-05, 0.0, 0.0, 0.0, 1.0],
                [0.917402, -0.061352, -0.393205, -0.125006, -0.137298, -0.976175, -0.168022, -0.002831, -0.373528, 0.20813, -0.903968, -1.2e-05, 0.0, 0.0, 0.0, 1.0],
                [0.917402, -0.061352, -0.393205, -0.125006, -0.137298, -0.976176, -0.168022, -0.002831, -0.373528, 0.20813, -0.903968, -1.2e-05, 0.0, 0.0, 0.0, 1.0],
                [0.917402, -0.061352, -0.393205, -0.125006, -0.137298, -0.976175, -0.168022, -0.002831, -0.373529, 0.20813, -0.903968, -1.2e-05, 0.0, 0.0, 0.0, 1.0],
                [0.917402, -0.061352, -0.393205, -0.125006, -0.137298, -0.976175, -0.168022, -0.002831, -0.373529, 0.20813, -0.903967, -1.2e-05, 0.0, 0.0, 0.0, 1.0],
                [0.917402, -0.061352, -0.393206, -0.125006, -0.137298, -0.976175, -0.168022, -0.002831, -0.373529, 0.20813, -0.903968, -1.2e-05, 0.0, 0.0, 0.0, 1.0],
                [0.917402, -0.061352, -0.393206, -0.125006, -0.137298, -0.976175, -0.168022, -0.002831, -0.373529, 0.20813, -0.903968, -1.2e-05, 0.0, 0.0, 0.0, 1.0],
                [0.917401, -0.061352, -0.393206, -0.125006, -0.137298, -0.976175, -0.168023, -0.002831, -0.373529, 0.208131, -0.903967, -1.2e-05, 0.0, 0.0, 0.0, 1.0],
                [0.917401, -0.061352, -0.393207, -0.125006, -0.137299, -0.976175, -0.168022, -0.002831, -0.37353, 0.20813, -0.903968, -1.2e-05, 0.0, 0.0, 0.0, 1.0],
                [0.917401, -0.061352, -0.393207, -0.125006, -0.137299, -0.976176, -0.168022, -0.002831, -0.37353, 0.20813, -0.903967, -1.2e-05, 0.0, 0.0, 0.0, 1.0],
                [0.917401, -0.061352, -0.393207, -0.125006, -0.137299, -0.976175, -0.168022, -0.002831, -0.37353, 0.208131, -0.903967, -1.2e-05, 0.0, 0.0, 0.0, 1.0],
                [0.917401, -0.061352, -0.393208, -0.125006, -0.137299, -0.976176, -0.168022, -0.00283, -0.373531, 0.20813, -0.903967, -1.2e-05, 0.0, 0.0, 0.0, 1.0],
                [0.9174, -0.061352, -0.393208, -0.125006, -0.137299, -0.976175, -0.168022, -0.002831, -0.373531, 0.208131, -0.903967, -1.2e-05, 0.0, 0.0, 0.0, 1.0],
                [0.9174, -0.061352, -0.393208, -0.125006, -0.137299, -0.976175, -0.168022, -0.00283, -0.373532, 0.20813, -0.903967, -1.2e-05, 0.0, 0.0, 0.0, 1.0],
                [0.9174, -0.061352, -0.393209, -0.125006, -0.137299, -0.976176, -0.168022, -0.002831, -0.373531, 0.20813, -0.903967, -1.2e-05, 0.0, 0.0, 0.0, 1.0],
                [0.917401, -0.061352, -0.393209, -0.125006, -0.137299, -0.976175, -0.168022, -0.00283, -0.373532, 0.20813, -0.903966, -1.2e-05, 0.0, 0.0, 0.0, 1.0],
                [0.9174, -0.061352, -0.393209, -0.125006, -0.137299, -0.976175, -0.168022, -0.00283, -0.373532, 0.20813, -0.903966, -1.2e-05, 0.0, 0.0, 0.0, 1.0],
                [0.9174, -0.061353, -0.393209, -0.125006, -0.137299, -0.976175, -0.168022, -0.00283, -0.373532, 0.208131, -0.903967, -1.2e-05, 0.0, 0.0, 0.0, 1.0],
                [0.9174, -0.061352, -0.393209, -0.125006, -0.137299, -0.976175, -0.168023, -0.002831, -0.373532, 0.208131, -0.903966, -1.2e-05, 0.0, 0.0, 0.0, 1.0],
                [0.9174, -0.061352, -0.393209, -0.125006, -0.137299, -0.976175, -0.168022, -0.002831, -0.373532, 0.208131, -0.903966, -1.2e-05, 0.0, 0.0, 0.0, 1.0],
                [0.9174, -0.061352, -0.393209, -0.125006, -0.137299, -0.976176, -0.168022, -0.002831, -0.373532, 0.208131, -0.903967, -1.2e-05, 0.0, 0.0, 0.0, 1.0],
                [0.917401, -0.061352, -0.393208, -0.125006, -0.137299, -0.976175, -0.168023, -0.002831, -0.373531, 0.208131, -0.903967, -1.2e-05, 0.0, 0.0, 0.0, 1.0],
                [0.917401, -0.061352, -0.393207, -0.125006, -0.137299, -0.976175, -0.168022, -0.002831, -0.37353, 0.20813, -0.903967, -1.2e-05, 0.0, 0.0, 0.0, 1.0],
                [0.917401, -0.061352, -0.393206, -0.125006, -0.137299, -0.976175, -0.168023, -0.00283, -0.373529, 0.208131, -0.903967, -1.2e-05, 0.0, 0.0, 0.0, 1.0],
                [0.917402, -0.061352, -0.393205, -0.125006, -0.137299, -0.976175, -0.168023, -0.002831, -0.373528, 0.208131, -0.903968, -1.2e-05, 0.0, 0.0, 0.0, 1.0],
                [0.985505, -0.165744, -0.036162, -0.125006, -0.153834, -0.962984, 0.221352, -0.002827, -0.071511, -0.21258, -0.974523, -1.2e-05, 0.0, 0.0, 0.0, 1.0],
                [0.985505, -0.165744, -0.036162, -0.125006, -0.153834, -0.962984, 0.221351, -0.002827, -0.071511, -0.21258, -0.974523, -1.2e-05, 0.0, 0.0, 0.0, 1.0],
                [0.985505, -0.165744, -0.036162, -0.125006, -0.153834, -0.962984, 0.221351, -0.002827, -0.071511, -0.21258, -0.974523, -1.2e-05, 0.0, 0.0, 0.0, 1.0],
                [0.985505, -0.165744, -0.036162, -0.125006, -0.153834, -0.962984, 0.221351, -0.002827, -0.071511, -0.21258, -0.974523, -1.2e-05, 0.0, 0.0, 0.0, 1.0],
                [0.985505, -0.165744, -0.036162, -0.125006, -0.153834, -0.962984, 0.221351, -0.002827, -0.071511, -0.21258, -0.974523, -1.2e-05, 0.0, 0.0, 0.0, 1.0],
                [0.985505, -0.165744, -0.036162, -0.125006, -0.153834, -0.962984, 0.221351, -0.002827, -0.071511, -0.21258, -0.974523, -1.2e-05, 0.0, 0.0, 0.0, 1.0]
            ]
        },
        {
            "name": "Leg_L",
            "time": [0.0, 0.0167, 0.0333, 0.05, 0.0667, 0.0833, 0.1, 0.1167, 0.1333, 0.15, 0.1667, 0.1833, 0.2, 0.2167, 0.2333, 0.25, 0.2667, 0.2833, 0.3, 0.3167, 0.3333, 0.35, 0.3667, 0.3833, 0.4, 0.4167, 0.4333, 0.45, 0.4667, 0.4833, 0.5, 0.5167, 0.5333, 0.55, 0.5667, 0.5833, 0.6, 0.6167, 0.6333, 0.65, 0.6667, 0.6833, 0.7, 0.7167],
            "transform": [
                [1.000001, -1e-06, 1e-06, -0.0, -0.0, 0.458515, 0.888687, 0.374726, -1e-06, -0.888686, 0.458517, -0.0, 0.0, 0.0, 0.0, 1.0],
                [1.0, -1e-06, 1e-06, -0.0, -0.0, 0.438945, 0.898513, 0.374726, -1e-06, -0.898512, 0.438946, 0.0, 0.0, 0.0, 0.0, 1.0],
                [1.000001, -1e-06, 1e-06, -0.0, -0.0, 0.38909, 0.9212, 0.374726, -1e-06, -0.921199, 0.389091, 0.0, 0.0, 0.0, 0.0, 1.0],
                [1.000001, -1e-06, 0.0, -0.0, -0.0, 0.324208, 0.945987, 0.374726, -1e-06, -0.945985, 0.324208, 0.0, 0.0, 0.0, 0.0, 1.0],
                [1.000001, -1e-06, 0.0, -0.0, -0.0, 0.258909, 0.965902, 0.374726, -1e-06, -0.9659, 0.25891, 0.0, 0.0, 0.0, 0.0, 1.0],
                [1.000002, -1e-06, 0.0, 0.0, -0.0, 0.204203, 0.978929, 0.374726, -1e-06, -0.978928, 0.204204, 0.0, 0.0, 0.0, 0.0, 1.0],
                [1.000001, -1e-06, 0.0, 0.0, -0.0, 0.165973, 0.98613, 0.374726, -1e-06, -0.98613, 0.165974, 0.0, 0.0, 0.0, 0.0, 1.0],
                [1.000001, -1e-06, 0.0, -0.0, -0.0, 0.144842, 0.989456, 0.374726, -1e-06, -0.989455, 0.144843, 0.0, 0.0, 0.0, 0.0, 1.0],
                [1.000001, -1e-06, 0.0, 0.0, -0.0, 0.137143, 0.990552, 0.374726, -1e-06, -0.99055, 0.137144, 0.0, 0.0, 0.0, 0.0, 1.0],
                [1.000001, -1e-06, 0.0, 0.0, -0.0, 0.136759, 0.990605, 0.374726, -1e-06, -0.990604, 0.13676, 0.0, 0.0, 0.0, 0.0, 1.0],
                [1.000001, -1e-06, 0.0, -0.0, -0.0, 0.137583, 0.990491, 0.374726, -1e-06, -0.99049, 0.137583, 0.0, 0.0, 0.0, 0.0, 1.0],
                [1.000001, -1e-06, 0.0, -0.0, -0.0, 0.137583, 0.990491, 0.374726, -1e-06, -0.99049, 0.137583, -0.0, 0.0, 0.0, 0.0, 1.0],
                [1.000001, -1e-06, 0.0, -0.0, -0.0, 0.137583, 0.990491, 0.374726, -1e-06, -0.99049, 0.137583, -0.0, 0.0, 0.0, 0.0, 1.0],
                [1.000001, -1e-06, 0.0, -0.0, -0.0, 0.137583, 0.990491, 0.374726, -1e-06, -0.99049, 0.137583, -0.0, 0.0, 0.0, 0.0, 1.0],
                [1.000001, -1e-06, 0.0, -0.0, -0.0, 0.137583, 0.990491, 0.374726, -1e-06, -0.99049, 0.137583, -0.0, 0.0, 0.0, 0.0, 1.0],
                [1.000001, -1e-06, 0.0, -0.0, -0.0, 0.137583, 0.990491, 0.374726, -1e-06, -0.99049, 0.137583, -0.0, 0.0, 0.0, 0.0, 1.0],
                [1.000001, -1e-06, 0.0, 0.0, -0.0, 0.137583, 0.990491, 0.374726, -1e-06, -0.990489, 0.137584, 0.0, 0.0, 0.0, 0.0, 1.0],
                [1.000001, -1e-06, 0.0, 0.0, -0.0, 0.137583, 0.990491, 0.374726, -1e-06, -0.99049, 0.137584, 0.0, 0.0, 0.0, 0.0, 1.0],
                [1.000001, -1e-06, 0.0, -0.0, -0.0, 0.137583, 0.99049, 0.374726, -1e-06, -0.99049, 0.137584, -0.0, 0.0, 0.0, 0.0, 1.0],
                [1.000001, -1e-06, 0.0, -0.0, -0.0, 0.137583, 0.990491, 0.374726, -1e-06, -0.99049, 0.137583, -0.0, 0.0, 0.0, 0.0, 1.0],
                [1.000001, -1e-06, 0.0, 0.0, -0.0, 0.137583, 0.99049, 0.374726, -1e-06, -0.990489, 0.137584, -0.0, 0.0, 0.0, 0.0, 1.0],
                [1.000001, -1e-06, 0.0, -0.0, -0.0, 0.137583, 0.990491, 0.374726, -1e-06, -0.990489, 0.137583, -0.0, 0.0, 0.0, 0.0, 1.0],
                [1.000001, -1e-06, 0.0, -0.0, -0.0, 0.137582, 0.990491, 0.374726, -1e-06, -0.99049, 0.137582, -0.0, 0.0, 0.0, 0.0, 1.0],
                [1.000001, -1e-06, 0.0, -0.0, -0.0, 0.137583, 0.99049, 0.374726, -1e-06, -0.99049, 0.137583, 0.0, 0.0, 0.0, 0.0, 1.0],
                [1.000001, -1e-06, 0.0, 0.0, -0.0, 0.137583, 0.990491, 0.374726, -1e-06, -0.99049, 0.137583, 0.0, 0.0, 0.0, 0.0, 1.0],
                [1.000001, -1e-06, 0.0, 0.0, -0.0, 0.137582, 0.990491, 0.374726, -1e-06, -0.99049, 0.137582, -0.0, 0.0, 0.0, 0.0, 1.0],
                [1.000001, -1e-06, 0.0, -0.0, -0.0, 0.137582, 0.990491, 0.374726, -1e-06, -0.990489, 0.137582, -0.0, 0.0, 0.0, 0.0, 1.0],
                [1.000001, -1e-06, 0.0, -0.0, -0.0, 0.137581, 0.990491, 0.374725, -1e-06, -0.99049, 0.137582, 0.0, 0.0, 0.0, 0.0, 1.0],
                [1.000001, -1e-06, 0.0, -0.0, -0.0, 0.137583, 0.990491, 0.374726, -1e-06, -0.99049, 0.137583, -0.0, 0.0, 0.0, 0.0, 1.0],
                [1.000001, -1e-06, 0.0, -0.0, -0.0, 0.137582, 0.990491, 0.374726, -1e-06, -0.99049, 0.137582, 0.0, 0.0, 0.0, 0.0, 1.0],
                [1.000001, -1e-06, 0.0, 0.0, -0.0, 0.137582, 0.990491, 0.374726, -1e-06, -0.99049, 0.137582, -0.0, 0.0, 0.0, 0.0, 1.0],
                [1.000001, -1e-06, 0.0, 0.0, -0.0, 0.137583, 0.99049, 0.374726, -1e-06, -0.990489, 0.137583, -0.0, 0.0, 0.0, 0.0, 1.0],
                [1.000001, -1e-06, 0.0, 0.0, -0.0, 0.137583, 0.99049, 0.374726, -1e-06, -0.990489, 0.137583, 0.0, 0.0, 0.0, 0.0, 1.0],
                [1.000001, -1e-06, 0.0, 0.0, -0.0, 0.137584, 0.990491, 0.374727, -1e-06, -0.99049, 0.137584, 0.0, 0.0, 0.0, 0.0, 1.0],
                [1.000001, -1e-06, 0.0, -0.0, -0.0, 0.137582, 0.990491, 0.374726, -1e-06, -0.990489, 0.137583, 0.0, 0.0, 0.0, 0.0, 1.0],
                [1.000001, -1e-06, 0.0, -0.0, -0.0, 0.137583, 0.990491, 0.374726, -1e-06, -0.99049, 0.137583, 0.0, 0.0, 0.0, 0.0, 1.0],
                [1.000001, -1e-06, 0.0, -0.0, -0.0, 0.137584, 0.99049, 0.374725, -1e-06, -0.990489, 0.137585, 0.0, 0.0, 0.0, 0.0, 1.0],
                [1.000001, -1e-06, 0.0, -0.0, -0.0, 0.137583, 0.990491, 0.374726, -1e-06, -0.99049, 0.137583, 0.0, 0.0, 0.0, 0.0, 1.0],
                [1.000002, -0.0, 1e-06, -1e-06, -0.0, 0.875812, 0.48265, 0.374724, -1e-06, -0.482649, 0.875816, 0.0, 0.0, 0.0, 0.0, 1.0],
                [1.000001, -0.0, 1e-06, -0.0, -0.0, 0.875812, 0.482649, 0.374725, -1e-06, -0.482648, 0.875816, -0.0, 0.0, 0.0, 0.0, 1.0],
                [1.000002, -0.0, 1e-06, -0.0, -0.0, 0.875812, 0.482649, 0.374725, -1e-06, -0.482648, 0.875816, 0.0, 0.0, 0.0, 0.0, 1.0],
                [1.000002, -0.0, 1e-06, -0.0, -0.0, 0.875812, 0.482649, 0.374725, -1e-06, -0.482648, 0.875816, 0.0, 0.0, 0.0, 0.0, 1.0],
                [1.000001, -0.0, 1e-06, -0.0, -0.0, 0.875812, 0.482649, 0.374725, -1e-06, -0.482648, 0.875816, 0.0, 0.0, 0.0, 0.0, 1.0],
                [1.000002, -0.0, 1e-06, -0.0, -0.0, 0.875812, 0.482649, 0.374725, -1e-06, -0.482648, 0.875816, 0.0, 0.0, 0.0, 0.0, 1.0]
            ]
        },
        {
            "name": "Knee_L",
            "time": [0.0, 0.7167],
            "transform": [
                [1.0, 0.0, -0.0, -0.0, -0.0, 0.00567, -0.999984, 0.4335, -0.0, 0.999984, 0.00567, -0.000333, 0.0, 0.0, 0.0, 1.0],
                [1.0, 0.0, -0.0, -0.0, -0.0, 0.00567, -0.999984, 0.374724, -0.0, 0.999984, 0.00567, 0.0, 0.0, 0.0, 0.0, 1.0]
            ]
        },
        {
            "name": "Torso",
            "time": [0.0, 0.0167, 0.0333, 0.05, 0.0667, 0.0833, 0.1, 0.1167, 0.1333, 0.15, 0.1667, 0.1833, 0.2, 0.2167, 0.2333, 0.25, 0.2667, 0.2833, 0.3, 0.3167, 0.3333, 0.35, 0.3667, 0.3833, 0.4, 0.4167, 0.4333, 0.45, 0.4667, 0.4833, 0.5, 0.5167, 0.5333, 0.55, 0.5667, 0.5833, 0.6, 0.6167, 0.6333, 0.65, 0.6667, 0.6833, 0.7, 0.7167],
            "transform": [
                [1.0, -0.0, -0.0, -0.0, -0.0, 1.000001, -0.0, 0.05, 0.0, 0.0, 1.0, -0.0, 0.0, 0.0, 0.0, 1.0],
                [1.0, 0.0, 0.0, -0.0, -0.0, 1.0, -0.0, 0.05, -0.0, 0.0, 1.0, 0.0, 0.0, 0.0, 0.0, 1.0],
                [1.0, 0.0, 0.0, 0.0, 0.0, 1.000001, 0.0, 0.05, -0.0, -0.0, 1.0, 0.0, 0.0, 0.0, 0.0, 1.0],
                [1.0, -0.0, -0.0, 0.0, 0.0, 1.0, 0.0, 0.05, 0.0, 0.0, 1.0, -0.0, 0.0, 0.0, 0.0, 1.0],
                [1.0, 0.0, 0.0, 0.0, -0.0, 1.000001, 0.0, 0.05, -0.0, -0.0, 1.000001, -0.0, 0.0, 0.0, 0.0, 1.0],
                [1.000001, -0.0, -0.0, -0.0, 0.0, 1.000001, 0.0, 0.05, -0.0, -0.0, 1.000001, -0.0, 0.0, 0.0, 0.0, 1.0],
                [1.0, -0.0, -0.0, 0.0, 0.0, 1.0, 0.0, 0.05, 0.0, -0.0, 1.0, -0.0, 0.0, 0.0, 0.0, 1.0],
                [1.0, 0.0, 0.0, -0.0, 0.0, 1.0, -0.0, 0.05, -0.0, -0.0, 1.0, -0.0, 0.0, 0.0, 0.0, 1.0],
                [1.0, -0.0, 0.0, -0.0, -0.0, 1.0, -0.0, 0.05, 0.0, 0.0, 1.0, -0.0, 0.0, 0.0, 0.0, 1.0],
                [1.0, -0.0, 0.0, -0.0, -0.0, 1.0, 0.0, 0.05, -0.0, -0.0, 1.0, 0.0, 0.0, 0.0, 0.0, 1.0],
                [1.0, 0.0, -0.0, 0.0, 0.0, 1.0, -0.0, 0.05, -0.0, -0.0, 1.0, 0.0, 0.0, 0.0, 0.0, 1.0],
                [1.0, -0.0, 0.0, 0.0, 0.0, 1.0, -0.0, 0.05, -0.0, -0.0, 1.0, 0.0, 0.0, 0.0, 0.0, 1.0],
                [1.0, 0.0, 0.0, 0.0, 0.0, 1.0, -0.0, 0.05, 0.0, 0.0, 1.0, 0.0, 0.0, 0.0, 0.0, 1.0],
                [1.0, 0.0, 0.0, 0.0, 0.0, 1.0, -0.0, 0.05, 0.0, 0.0, 1.0, 0.0, 0.0, 0.0, 0.0, 1.0],
                [1.0, 0.0, 0.0, 0.0, 0.0, 1.0, -0.0, 0.05, 0.0, 0.0, 1.0, 0.0, 0.0, 0.0, 0.0, 1.0],
                [1.0, 0.0, 0.0, 0.0, 0.0, 1.0, -0.0, 0.05, 0.0, 0.0, 1.0, 0.0, 0.0, 0.0, 0.0, 1.0],
                [1.0, 0.0, 0.0, 0.0, 0.0, 1.0, -0.0, 0.05, 0.0, 0.0, 1.0, -0.0, 0.0, 0.0, 0.0, 1.0],
                [1.0, 0.0, 0.0, 0.0, 0.0, 1.0, -0.0, 0.05, 0.0, 0.0, 1.0, 0.0, 0.0, 0.0, 0.0, 1.0],
                [1.0, 0.0, 0.0, 0.0, 0.0, 1.0, -0.0, 0.05, 0.0, 0.0, 1.0, -0.0, 0.0, 0.0, 0.0, 1.0],
                [1.0, 0.0, 0.0, -0.0, 0.0, 1.0, -0.0, 0.05, 0.0, 0.0, 1.0, 0.0, 0.0, 0.0, 0.0, 1.0],
                [1.0, 0.0, 0.0, -0.0, 0.0, 1.0, -0.0, 0.05, 0.0, 0.0, 1.0, 0.0, 0.0, 0.0, 0.0, 1.0],
                [1.0, 0.0, 0.0, -0.0, 0.0, 1.0, -0.0, 0.05, 0.0, 0.0, 1.0, -0.0, 0.0, 0.0, 0.0, 1.0],
                [1.0, 0.0, 0.0, -0.0, 0.0, 1.0, -0.0, 0.05, 0.0, 0.0, 1.0, 0.0, 0.0, 0.0, 0.0, 1.0],
                [1.0, 0.0, 0.0, -0.0, 0.0, 1.0, -0.0, 0.05, 0.0, 0.0, 1.0, -0.0, 0.0, 0.0, 0.0, 1.0],
                [1.0, 0.0, 0.0, -0.0, 0.0, 1.0, -0.0, 0.05, 0.0, 0.0, 1.0, -0.0, 0.0, 0.0, 0.0, 1.0],
                [1.0, 0.0, 0.0, 0.0, 0.0, 1.0, -0.0, 0.05, 0.0, 0.0, 1.0, -0.0, 0.0, 0.0, 0.0, 1.0],
                [1.0, 0.0, 0.0, -0.0, 0.0, 1.0, -0.0, 0.05, 0.0, 0.0, 1.0, 0.0, 0.0, 0.0, 0.0, 1.0],
                [1.0, 0.0, 0.0, -0.0, 0.0, 1.0, -0.0, 0.05, 0.0, 0.0, 1.0, -0.0, 0.0, 0.0, 0.0, 1.0],
                [1.0, 0.0, 0.0, -0.0, 0.0, 1.0, -0.0, 0.050001, 0.0, 0.0, 1.0, 0.0, 0.0, 0.0, 0.0, 1.0],
